Sample	0	1	2	3	4	5	6	7	8	9	10	11	12	13	14	15	16	17	18	19	20	21	22	23	24	25	26	27	28	29	30	31	32	33	34	35	36	37
L1S105	(1, 38.56931216931217)	(2, 38.98562610229277)	(3, 39.07592592592592)	(4, 38.54109347442681)	(5, 38.86754850088183)	(6, 39.04003527336861)	(7, 38.922134038800706)	(8, 38.99162257495591)	(9, 38.54215167548501)	(10, 38.895873015873015)	(15, 39.27116402116402)	(20, 38.964779541446205)	(25, 38.68649029982363)	(30, 39.10970017636684)	(35, 38.86490299823633)	(40, 38.630776014109344)	(45, 38.63171075837742)	(50, 38.292698412698414)	(55, 38.02268077601411)	(60, 37.87555555555556)	(65, 37.240758377425045)	(70, 36.782539682539685)	(75, 34.81322751322752)	(80, 34.78008818342151)	(85, 33.6583950617284)	(90, 32.65805996472663)	(95, 30.215714285714284)	(100, 30.199805996472662)	(105, 28.751516754850087)	(110, 27.277583774250438)	(115, 25.13610229276896)	(120, 22.86377425044092)	(125, 20.814726631393295)	(130, 16.70820105820106)	(135, 10.863086419753085)	(140, 4.26968253968254)	(145, 3.3273368606701945)	(150, 3.209582598471487)
L1S140	(1, 36.03235414954807)	(2, 36.42943714050945)	(3, 36.474219391947415)	(4, 38.34511092851274)	(5, 38.30628594905505)	(6, 38.386092851273624)	(7, 38.369350862777324)	(8, 38.3905094494659)	(9, 38.191043549712404)	(10, 38.38601068200493)	(15, 38.54884963023829)	(20, 38.2876540673788)	(25, 38.11834428923582)	(30, 38.311175020542315)	(35, 38.301828266228426)	(40, 38.19638455217749)	(45, 38.083093672966314)	(50, 37.711483155299916)	(55, 37.49882908792112)	(60, 37.54954806902219)	(65, 37.121076417419886)	(70, 36.744823336072315)	(75, 34.98555875102712)	(80, 35.3517666392769)	(85, 34.8737674609696)	(90, 34.12631470829909)	(95, 32.970377978635995)	(100, 33.07859490550534)	(105, 31.569453574363187)	(110, 29.58804437140509)	(115, 26.45449876746097)	(120, 22.75499178307313)	(125, 19.98738701725555)	(130, 15.468118323746918)	(135, 9.207107641741988)	(140, 3.4337510271158584)	(145, 2.771261298274445)	(150, 2.6986099698712684)
L1S208	(1, 38.760829289810324)	(2, 39.12915747684164)	(3, 39.205116894574324)	(4, 39.12765769739744)	(5, 39.140538156153504)	(6, 39.347772386413766)	(7, 39.200352889280985)	(8, 39.249139832377594)	(9, 38.6429642699603)	(10, 38.899655932951035)	(15, 39.28495809439788)	(20, 38.99479488310543)	(25, 38.72767534186149)	(30, 39.11227172474636)	(35, 38.942973092192325)	(40, 38.75026025584473)	(45, 38.64)	(50, 38.28785178650199)	(55, 37.85533303925894)	(60, 37.87643581826202)	(65, 37.451292456991624)	(70, 37.099585355094845)	(75, 35.212298191442436)	(80, 35.33591530657256)	(85, 35.10205558006176)	(90, 34.27377150419056)	(95, 32.67689457432731)	(100, 33.027631230701374)	(105, 31.476259373621524)	(110, 29.808310542567273)	(115, 27.208928098808997)	(120, 24.001288045875604)	(125, 21.64571680635201)	(130, 17.20397000441111)	(135, 11.134856638729598)	(140, 4.578720776356418)	(145, 3.591618879576533)	(150, 3.4618144390530805)
L1S257	(1, 38.81937682570594)	(2, 39.15055988315482)	(3, 39.23222979552094)	(4, 39.24537487828627)	(5, 39.21762414800389)	(6, 39.38327653359299)	(7, 39.283714703018504)	(8, 39.330817916260955)	(9, 38.740628042843234)	(10, 38.9457400194742)	(15, 39.31528724440117)	(20, 39.03191333982473)	(25, 38.7463729308666)	(30, 39.122784810126575)	(35, 38.899464459591044)	(40, 38.71085686465433)	(45, 38.565701071080824)	(50, 38.26407010710808)	(55, 37.82181110029211)	(60, 37.72709347614411)	(65, 37.24038461538462)	(70, 36.8498052580331)	(75, 35.04861246348588)	(80, 35.20287244401169)	(85, 34.7576923076923)	(90, 33.894595910418694)	(95, 32.134152872444005)	(100, 32.563291139240505)	(105, 30.893914313534566)	(110, 29.459639727361246)	(115, 26.89018987341772)	(120, 23.7792599805258)	(125, 21.441553067185975)	(130, 16.994668938656282)	(135, 11.033398247322298)	(140, 4.764556962025317)	(145, 3.7401898734177217)	(150, 3.6312074001947416)
L1S281	(1, 38.63645552560647)	(2, 39.05896226415094)	(3, 39.15408805031446)	(4, 39.232479784366575)	(5, 39.19328391734052)	(6, 39.33007637017071)	(7, 39.26549865229111)	(8, 39.2990790655885)	(9, 38.70361635220126)	(10, 38.95053908355795)	(15, 39.31033243486074)	(20, 39.04225067385445)	(25, 38.77841419586702)	(30, 39.14604672057502)	(35, 38.82216981132076)	(40, 38.635691823899364)	(45, 38.48203054806829)	(50, 38.252628032345015)	(55, 37.74384546271339)	(60, 37.70575022461814)	(65, 37.20959119496855)	(70, 36.82708894878706)	(75, 35.050000000000004)	(80, 35.093508535489676)	(85, 34.529806828391735)	(90, 33.63762353998204)	(95, 31.647057502246184)	(100, 32.0460017969452)	(105, 30.27854896675651)	(110, 28.666621743036835)	(115, 26.178706199460912)	(120, 23.019946091644204)	(125, 20.849775381850854)	(130, 16.229357592093443)	(135, 10.503256963162624)	(140, 4.685646900269541)	(145, 3.6843441150044924)	(150, 3.552897574123989)
L1S57	(1, 38.67872340425532)	(2, 38.990042553191486)	(3, 39.064510638297875)	(4, 39.031829787234045)	(5, 39.02246808510638)	(6, 39.24595744680851)	(7, 39.11063829787234)	(8, 39.212170212765955)	(9, 38.41565957446809)	(10, 38.81014468085107)	(15, 39.248885106382986)	(20, 38.907182978723405)	(25, 38.63312340425532)	(30, 39.0511829787234)	(35, 38.70274042553192)	(40, 38.55868936170212)	(45, 38.41164255319149)	(50, 38.05671489361701)	(55, 37.53160851063829)	(60, 37.55697021276596)	(65, 36.968289361702126)	(70, 36.56994042553192)	(75, 34.74110638297872)	(80, 34.537429787234046)	(85, 34.14566808510639)	(90, 33.109276595744674)	(95, 31.074451063829788)	(100, 31.361702127659573)	(105, 29.47824680851064)	(110, 28.004612765957443)	(115, 26.026672340425534)	(120, 23.429021276595744)	(125, 20.93531914893617)	(130, 16.41428085106383)	(135, 10.496221276595744)	(140, 4.597344680851064)	(145, 3.773412765957447)	(150, 3.5232340425531916)
L1S76	(1, 38.49326732673267)	(2, 38.78722772277228)	(3, 38.86415841584159)	(4, 39.03851485148515)	(5, 38.92445544554455)	(6, 39.09594059405941)	(7, 39.0619801980198)	(8, 39.10504950495049)	(9, 38.597029702970296)	(10, 38.92382178217822)	(15, 39.267089108910895)	(20, 38.91423762376238)	(25, 38.64190099009901)	(30, 39.05566336633663)	(35, 38.68893069306931)	(40, 38.50590099009901)	(45, 38.33207920792079)	(50, 37.97815841584158)	(55, 37.63223762376238)	(60, 37.67839603960397)	(65, 36.99508910891089)	(70, 36.65170297029703)	(75, 34.683623762376236)	(80, 34.730673267326736)	(85, 34.367287128712874)	(90, 33.60089108910891)	(95, 32.04207920792079)	(100, 32.26413861386139)	(105, 30.628693069306927)	(110, 29.0819603960396)	(115, 27.29390099009901)	(120, 24.6779603960396)	(125, 22.14009900990099)	(130, 17.273722772277228)	(135, 10.561425742574256)	(140, 3.863128712871287)	(145, 3.087920792079208)	(150, 3.018349834983498)
L1S8	(1, 38.68650088809947)	(2, 38.97803972226708)	(3, 39.058049410624896)	(4, 37.992491522686905)	(5, 38.7173421605038)	(6, 38.902147585984174)	(7, 38.79888583885032)	(8, 38.83247214597126)	(9, 38.35201033424835)	(10, 38.8289197481027)	(15, 39.23768771193282)	(20, 38.86029388018731)	(25, 38.627401905377035)	(30, 39.07111254642338)	(35, 38.79048926207008)	(40, 38.50046827062813)	(45, 38.50216373324722)	(50, 38.036670434361376)	(55, 38.00196996609075)	(60, 37.82682060390764)	(65, 36.97451961892459)	(70, 36.44346843210076)	(75, 34.22171806878735)	(80, 33.81183594380752)	(85, 31.753479735184886)	(90, 30.223268206039073)	(95, 26.66310350395608)	(100, 26.17724850637817)	(105, 24.65596641369288)	(110, 22.86610689488132)	(115, 20.87545616018085)	(120, 18.6744388826094)	(125, 16.435184886161796)	(130, 12.75909898272243)	(135, 7.763038914903925)	(140, 3.2150976909413855)	(145, 2.749668981107702)	(150, 2.6703536250605517)
L2S155	(1, 38.53698304718713)	(2, 38.71255803908865)	(3, 38.8475326638592)	(4, 38.41701760069107)	(5, 38.19328366267142)	(6, 38.567649281935)	(7, 38.638915883813844)	(8, 38.661159701976025)	(9, 37.655760716985206)	(10, 37.29545405463772)	(15, 38.24254400172768)	(20, 38.290486988446176)	(25, 38.10167368534716)	(30, 38.26174279235504)	(35, 37.87996976568405)	(40, 37.10748299319728)	(45, 37.11191016088975)	(50, 36.80721304394774)	(55, 36.62347478674009)	(60, 35.04386135406544)	(65, 34.07556419393154)	(70, 33.26856710938343)	(75, 32.405463772810705)	(80, 31.891091674765146)	(85, 30.011920958859736)	(90, 28.30486988446172)	(95, 25.02950005398985)	(100, 23.949033581686642)	(105, 19.723744735989634)	(110, 18.040082064571862)	(115, 15.26379440665155)	(120, 12.41801101392938)	(125, 10.379008746355685)	(130, 7.048396501457726)	(135, 4.409156678544433)	(140, 3.079904977864161)	(145, 2.871741712558039)	(150, 2.830687830687831)
L2S175	(1, 38.533813487980545)	(2, 38.64568328500608)	(3, 38.78374333551585)	(4, 38.60321765971378)	(5, 38.211486296885234)	(6, 38.74015527078851)	(7, 38.52530165559817)	(8, 38.70535964830231)	(9, 37.43719015994762)	(10, 37.39487419324665)	(15, 38.34810588345338)	(20, 38.295968571695816)	(25, 38.06233280329249)	(30, 38.18364979889627)	(35, 37.881152371153306)	(40, 37.27269666074268)	(45, 37.25075296978767)	(50, 37.049125432606864)	(55, 36.75659900851183)	(60, 34.83142830418109)	(65, 34.12661116827238)	(70, 33.340136563464604)	(75, 32.4408380881115)	(80, 32.03062388925264)	(85, 29.96526049948555)	(90, 27.83455242727528)	(95, 24.310953138153586)	(100, 22.561013936956318)	(105, 18.36254793751754)	(110, 17.017641006454028)	(115, 14.73684407445515)	(120, 12.18516509213357)	(125, 10.063174632868769)	(130, 7.171415209054345)	(135, 4.5283696567206055)	(140, 3.314339163782621)	(145, 3.1179683846225794)	(150, 3.0349515168521806)
L2S204	(1, 38.194189392901194)	(2, 38.52679183225983)	(3, 38.664519665616005)	(4, 37.74907496231328)	(5, 38.19336713717966)	(6, 38.303275318624095)	(7, 38.406879539536796)	(8, 38.32081677401672)	(9, 37.84061943264355)	(10, 37.54499109222968)	(15, 38.35280252158421)	(20, 38.34244209949294)	(25, 37.97001507468822)	(30, 37.92884747156366)	(35, 37.26468411676031)	(40, 36.81836371111416)	(45, 37.08957105659861)	(50, 36.526380704399074)	(55, 36.712621625325475)	(60, 35.05903796080581)	(65, 34.58262299575168)	(70, 33.456516376593115)	(75, 32.60783883787858)	(80, 32.59172262573661)	(85, 30.571824037275594)	(90, 28.900561874743044)	(95, 25.994436069617656)	(100, 24.79739619021516)	(105, 20.726819240783882)	(110, 19.414690968891325)	(115, 17.052487323557628)	(120, 13.077867616828835)	(125, 10.559873920789366)	(130, 7.4643826229957515)	(135, 4.765958613128683)	(140, 3.284966424558038)	(145, 3.079429902699739)	(150, 3.1148417157736055)
L2S222	(1, 38.17076079179585)	(2, 38.54543286429764)	(3, 38.70558072978774)	(4, 38.303958979251135)	(5, 38.03565466253279)	(6, 38.459694729310755)	(7, 38.53541616980682)	(8, 38.51252086811352)	(9, 37.713450989744814)	(10, 37.533627474362035)	(15, 38.45528261388028)	(20, 38.3906272358693)	(25, 38.00228953016933)	(30, 38.08208919627951)	(35, 37.82098735988553)	(40, 37.31390412592416)	(45, 37.387836870975434)	(50, 36.98764607679466)	(55, 36.593846887669926)	(60, 35.417648461721924)	(65, 34.68256618173145)	(70, 33.70345814452659)	(75, 32.66901979489625)	(80, 32.40455521106607)	(85, 30.58480801335559)	(90, 28.88805151442881)	(95, 25.731743381826856)	(100, 24.039136656331983)	(105, 20.052182208442645)	(110, 17.807989506320055)	(115, 14.959193894586216)	(120, 11.9177915573575)	(125, 9.898449797281184)	(130, 7.0626281898402095)	(135, 4.698473646553779)	(140, 3.264178392559027)	(145, 2.9875029811590745)	(150, 2.970069162890532)
L2S240	(1, 38.314783914566995)	(2, 38.51918905389621)	(3, 38.68121141331554)	(4, 38.53637577173369)	(5, 38.18071082930085)	(6, 38.639329217420325)	(7, 38.47830802603037)	(8, 38.708743534123144)	(9, 37.292758217920905)	(10, 37.14790589020523)	(15, 38.38366427498749)	(20, 38.16384114800601)	(25, 37.93717670615718)	(30, 38.126831303187046)	(35, 37.96037043217087)	(40, 37.412731520106796)	(45, 37.3058568329718)	(50, 37.24905723343901)	(55, 36.663407308526615)	(60, 35.28191223093609)	(65, 34.75861838811947)	(70, 33.58416485900217)	(75, 32.59686300684132)	(80, 32.40320373769397)	(85, 30.98571666944769)	(90, 29.285983647588854)	(95, 26.129551143000164)	(100, 25.22636409144001)	(105, 22.010595694977475)	(110, 20.141898882029032)	(115, 15.872634740530618)	(120, 12.291056232270984)	(125, 10.671099616218923)	(130, 7.556182212581345)	(135, 4.8263474053061906)	(140, 3.39898214583681)	(145, 3.0801768730185213)	(150, 3.061015629345347)
L2S309	(1, 38.427379400260754)	(2, 38.81303780964798)	(3, 38.97131681877445)	(4, 38.50221642764016)	(5, 38.25710560625815)	(6, 38.79113428943938)	(7, 38.61642764015645)	(8, 38.664406779661014)	(9, 37.6380704041721)	(10, 37.822112125162974)	(15, 38.58398956975228)	(20, 38.51640156453716)	(25, 38.13220338983051)	(30, 38.22179921773142)	(35, 37.9328813559322)	(40, 37.51342894393742)	(45, 37.38086049543677)	(50, 37.06080834419818)	(55, 36.94988265971317)	(60, 35.16250325945241)	(65, 34.22764015645371)	(70, 33.43400260756193)	(75, 32.460756192959586)	(80, 31.79181225554107)	(85, 29.40954367666232)	(90, 27.17303780964798)	(95, 23.55859191655802)	(100, 21.061694915254236)	(105, 17.408865710560626)	(110, 16.425345501955672)	(115, 14.271395045632335)	(120, 11.797183833116037)	(125, 9.887509778357236)	(130, 7.106179921773142)	(135, 4.778983050847457)	(140, 3.4138722294654498)	(145, 3.2598174706649283)	(150, 3.229117774880487)
L2S357	(1, 38.38061730369423)	(2, 38.63473532704302)	(3, 38.814968814968815)	(4, 38.37869822485207)	(5, 38.207580361426515)	(6, 38.670558132096595)	(7, 38.588837358068126)	(8, 38.594434671357746)	(9, 37.33967695506157)	(10, 37.567343675035985)	(15, 38.42821045897969)	(20, 38.39792099792099)	(25, 38.08002558771789)	(30, 38.085430993123296)	(35, 37.70007996161842)	(40, 37.17853830161522)	(45, 37.074268351191435)	(50, 36.77636334559412)	(55, 36.652678714217174)	(60, 34.76289780905165)	(65, 34.045802015032784)	(70, 33.34927234927235)	(75, 32.26905485367024)	(80, 31.42987366064289)	(85, 29.043595074364305)	(90, 26.84948024948025)	(95, 22.94319526627219)	(100, 20.934207580361424)	(105, 17.328098512713897)	(110, 16.34527426835119)	(115, 14.263489525027987)	(120, 11.710379018071325)	(125, 9.782920198304813)	(130, 6.886998240844394)	(135, 4.487126179433871)	(140, 3.2619222773068928)	(145, 3.0180713257636334)	(150, 3.003251772482541)
L2S382	(1, 38.421182795698925)	(2, 38.73010752688172)	(3, 38.86075268817204)	(4, 38.49903225806452)	(5, 38.24193548387097)	(6, 38.76913978494623)	(7, 38.06193548387097)	(8, 38.72516129032258)	(9, 37.39075268817204)	(10, 37.32967741935484)	(15, 38.405096774193545)	(20, 38.344365591397846)	(25, 38.010215053763446)	(30, 38.13350537634409)	(35, 37.82978494623656)	(40, 37.33376344086021)	(45, 37.193182795698924)	(50, 36.97694623655914)	(55, 36.295698924731184)	(60, 34.62875268817204)	(65, 34.03163440860215)	(70, 33.141720430107526)	(75, 32.28675268817204)	(80, 32.02096774193548)	(85, 30.331505376344086)	(90, 28.54490322580645)	(95, 25.460795698924734)	(100, 23.591913978494624)	(105, 19.444279569892473)	(110, 18.134021505376346)	(115, 15.811612903225807)	(120, 13.250602150537635)	(125, 11.056043010752687)	(130, 8.157655913978495)	(135, 5.462623655913978)	(140, 3.699354838709678)	(145, 3.327225806451613)	(150, 3.1978494623655913)
L3S242	(1, 38.00778588807786)	(2, 38.88661800486618)	(3, 38.98978102189781)	(4, 38.60729927007299)	(5, 38.71240875912409)	(6, 38.92846715328467)	(7, 38.79902676399027)	(8, 38.82579075425791)	(9, 38.01070559610706)	(10, 38.47416058394161)	(15, 39.17021897810219)	(20, 39.00311435523114)	(25, 38.554257907542585)	(30, 38.95746958637469)	(35, 38.74715328467153)	(40, 38.33099756690997)	(45, 37.98004866180049)	(50, 37.95523114355231)	(55, 37.534306569343066)	(60, 37.16301703163017)	(65, 36.382092457420924)	(70, 35.863065693430656)	(75, 33.35260340632603)	(80, 32.457518248175184)	(85, 28.907834549878345)	(90, 27.570413625304138)	(95, 24.54014598540146)	(100, 23.36165450121654)	(105, 20.87961070559611)	(110, 18.744233576642333)	(115, 16.605839416058394)	(120, 14.36535279805353)	(125, 12.559124087591242)	(130, 8.73177615571776)	(135, 4.58978102189781)	(140, 2.4469099756690995)	(145, 2.3065693430656937)	(150, 2.2759124087591243)
L3S294	(1, 37.74838152783772)	(2, 38.829089339663355)	(3, 38.973241260250326)	(4, 38.431160984031074)	(5, 38.74104445403539)	(6, 38.91109192921882)	(7, 38.76089771255934)	(8, 38.88001726370307)	(9, 38.507552870090635)	(10, 38.31109192921882)	(15, 38.98670694864048)	(20, 38.81985325852395)	(25, 38.54838152783772)	(30, 38.86646525679758)	(35, 38.72231333621062)	(40, 38.28010358221839)	(45, 37.91212775140268)	(50, 37.61993957703927)	(55, 36.85274061286146)	(60, 36.28623219680621)	(65, 35.48364264134657)	(70, 35.12421234354769)	(75, 34.41130772550712)	(80, 33.98049201553734)	(85, 32.65791972378075)	(90, 31.550625809236085)	(95, 28.902460077686662)	(100, 27.701251618472163)	(105, 23.658869227449287)	(110, 21.992490289167023)	(115, 19.28502373759171)	(120, 16.47596029348295)	(125, 13.773500215796286)	(130, 9.88761329305136)	(135, 5.651532153646957)	(140, 4.107984462667242)	(145, 3.832369443245576)	(150, 3.7129909365558915)
L3S313	(1, 37.78585757271816)	(2, 38.53911735205617)	(3, 38.70060180541625)	(4, 38.077733199598796)	(5, 38.012537612838514)	(6, 38.34052156469408)	(7, 38.14543630892678)	(8, 38.29087261785356)	(9, 38.54663991975928)	(10, 38.43340020060181)	(15, 39.145336008024074)	(20, 38.968706118355065)	(25, 38.696790371113345)	(30, 39.04032096288866)	(35, 38.885556670010025)	(40, 38.557171514543626)	(45, 38.224774322968905)	(50, 38.0937813440321)	(55, 37.237111334002)	(60, 36.381544633901704)	(65, 35.96910732196589)	(70, 35.47452357071214)	(75, 34.55867602808425)	(80, 34.402407221664994)	(85, 32.531995987963896)	(90, 31.031394182547643)	(95, 28.6864593781344)	(100, 27.32046138415246)	(105, 23.61544633901705)	(110, 22.244132397191574)	(115, 19.736609829488465)	(120, 17.414543630892677)	(125, 14.60762286860582)	(130, 11.006920762286862)	(135, 6.709227683049147)	(140, 4.715947843530592)	(145, 4.2995987963891675)	(150, 4.225342694750919)
L3S341	(1, 37.82191041554236)	(2, 38.86292498650837)	(3, 38.97625472207231)	(4, 38.49811117107394)	(5, 38.76902320561252)	(6, 38.9077172153265)	(7, 38.81327576902321)	(8, 38.91365353480842)	(9, 38.57204533189422)	(10, 38.430652995143014)	(15, 39.01726929303832)	(20, 38.84230976794388)	(25, 38.52239611440906)	(30, 38.72358337830545)	(35, 38.25526173772262)	(40, 37.958553696708044)	(45, 37.847058823529416)	(50, 37.41575822989746)	(55, 36.55812196438209)	(60, 35.91268213707501)	(65, 35.59222881813276)	(70, 34.7752833243389)	(75, 34.04943335132218)	(80, 34.02536427415002)	(85, 32.17798165137614)	(90, 31.05353480841878)	(95, 28.894117647058824)	(100, 27.576254722072314)	(105, 24.273718294657314)	(110, 22.938909875876956)	(115, 20.68094981111711)	(120, 17.285914732865624)	(125, 14.249541284403671)	(130, 10.2717754991905)	(135, 6.061629789530491)	(140, 3.835941716135996)	(145, 3.4393955747436586)	(150, 3.51753912574204)
L3S360	(1, 37.78598848368522)	(2, 38.810940499040306)	(3, 38.9337811900192)	(4, 38.47936660268714)	(5, 38.576775431861805)	(6, 38.90115163147793)	(7, 38.81765834932821)	(8, 38.88675623800384)	(9, 38.43282149712092)	(10, 38.389827255278306)	(15, 39.01487523992323)	(20, 38.79856046065259)	(25, 38.4679462571977)	(30, 38.763147792706334)	(35, 38.57562380038388)	(40, 38.2151631477927)	(45, 37.879558541266796)	(50, 37.550479846449136)	(55, 36.619577735124764)	(60, 36.174664107485604)	(65, 35.61151631477927)	(70, 34.94145873320538)	(75, 34.396833013435696)	(80, 34.2257197696737)	(85, 32.53090211132437)	(90, 31.314779270633398)	(95, 28.826199616122842)	(100, 27.19654510556622)	(105, 23.39011516314779)	(110, 21.266602687140114)	(115, 18.788003838771594)	(120, 15.546065259117082)	(125, 12.48570057581574)	(130, 9.10595009596929)	(135, 5.603358925143955)	(140, 3.878214971209213)	(145, 3.5312859884836856)	(150, 3.6022072936660265)
L3S378	(1, 36.90121155638397)	(2, 38.58247903075489)	(3, 38.64445479962721)	(4, 38.689655172413794)	(5, 38.43196644920783)	(6, 38.75629077353215)	(7, 38.75116495806151)	(8, 38.71388630009319)	(9, 37.764678471575024)	(10, 38.33569431500466)	(15, 39.1224603914259)	(20, 38.95330848089469)	(25, 38.47856477166822)	(30, 38.88219944082013)	(35, 38.45163094128612)	(40, 38.12003727865796)	(45, 37.810810810810814)	(50, 37.850046598322464)	(55, 36.89040074557316)	(60, 36.93112767940354)	(65, 36.246039142590874)	(70, 35.7138863000932)	(75, 34.0695246971109)	(80, 34.33699906803355)	(85, 33.17306616961789)	(90, 31.7098788443616)	(95, 30.262068965517244)	(100, 30.005778191985087)	(105, 27.65442684063374)	(110, 24.549487418452937)	(115, 21.415936626281454)	(120, 18.505684995340168)	(125, 15.685181733457593)	(130, 10.413699906803355)	(135, 5.375768872320596)	(140, 2.66551724137931)	(145, 2.4092264678471573)	(150, 2.4032308170239207)
L4S112	(1, 39.0079311404857)	(2, 39.19452812788195)	(3, 39.28029511220412)	(4, 38.91952044266831)	(5, 38.965631724561945)	(6, 39.162127267138025)	(7, 39.093452197971104)	(8, 39.24549646480172)	(9, 38.53089455886874)	(10, 38.61372271749155)	(15, 39.21641561635413)	(20, 38.94171533968644)	(25, 38.77016907470027)	(30, 38.99901629265294)	(35, 38.700940670150636)	(40, 38.388859514294495)	(45, 37.805816169689514)	(50, 37.531226560098375)	(55, 36.622108822625265)	(60, 35.62774054718721)	(65, 35.14188748847217)	(70, 34.73000922225638)	(75, 33.92012296341838)	(80, 33.366062096526285)	(85, 30.997897325545654)	(90, 29.18446972025822)	(95, 26.41609591146634)	(100, 24.76634491238857)	(105, 21.215431909007073)	(110, 19.839372886566245)	(115, 17.486812173378418)	(120, 15.014091607746696)	(125, 12.686578542883492)	(130, 9.363824162311712)	(135, 5.832081155856132)	(140, 4.158905625576392)	(145, 3.8015124500461113)	(150, 3.7788707859411823)
L4S137	(1, 38.86953744610635)	(2, 39.00271464310428)	(3, 39.08330228349391)	(4, 39.09277692021078)	(5, 38.92276574226859)	(6, 39.156437962420824)	(7, 39.0656837174642)	(8, 39.276095172193536)	(9, 38.38888593176132)	(10, 38.316857401394586)	(15, 39.08393037738862)	(20, 38.81280672805663)	(25, 38.62992494810241)	(30, 38.88031085324958)	(35, 38.657486559855215)	(40, 38.309373502954166)	(45, 37.71017192739661)	(50, 37.65143982541119)	(55, 36.496087720232076)	(60, 35.506914355671476)	(65, 35.011837973066484)	(70, 34.326651407888434)	(75, 33.523148986000955)	(80, 33.42595411720871)	(85, 31.322414435513917)	(90, 29.58689519348485)	(95, 27.04010219832863)	(100, 25.718007132591687)	(105, 21.998914142758288)	(110, 20.511012934475968)	(115, 17.72689625805078)	(120, 15.291041677755894)	(125, 12.769468249321339)	(130, 9.310054825145048)	(135, 5.756107946984616)	(140, 4.108734763400223)	(145, 3.722776387927823)	(150, 3.661095438335019)
L4S63	(1, 38.39022543251588)	(2, 38.779868352070835)	(3, 38.907438690510865)	(4, 38.638608959049336)	(5, 38.95881633366342)	(6, 39.09786217743345)	(7, 38.8634589619619)	(8, 39.07916351138813)	(9, 38.67938486631328)	(10, 38.675004368847205)	(15, 39.25600279606222)	(20, 39.000466010368726)	(25, 38.79737869167589)	(30, 39.08463913322071)	(35, 39.00280771247161)	(40, 38.72132579949904)	(45, 38.22976641230267)	(50, 38.13163627890721)	(55, 37.36310362905574)	(60, 36.59956894040892)	(65, 35.98166249199045)	(70, 35.52379565445331)	(75, 34.939278848954395)	(80, 34.59622531601328)	(85, 32.58413234694472)	(90, 31.036616764723014)	(95, 28.4318867594804)	(100, 26.691908894972915)	(105, 23.31601328129551)	(110, 21.77467233645949)	(115, 19.378074212151223)	(120, 16.984237199277686)	(125, 14.632166365701636)	(130, 11.299295159317294)	(135, 7.41534339139046)	(140, 5.4266907438690515)	(145, 4.9769208364886115)	(150, 4.8586241043863225)
L5S104	(1, 38.391040462427746)	(2, 38.94537572254335)	(3, 39.07745664739885)	(4, 38.716473988439304)	(5, 38.936127167630055)	(6, 39.08815028901734)	(7, 38.8242774566474)	(8, 39.07196531791907)	(9, 38.59364161849711)	(10, 38.5792485549133)	(15, 39.253988439306355)	(20, 38.90445086705203)	(25, 38.68167630057803)	(30, 39.03150289017341)	(35, 38.9935260115607)	(40, 38.76098265895954)	(45, 38.40109826589595)	(50, 38.323757225433525)	(55, 37.907572254335264)	(60, 37.31913294797688)	(65, 36.606358381502886)	(70, 35.886358381502895)	(75, 35.09369942196532)	(80, 35.05173410404625)	(85, 33.82849710982659)	(90, 32.580924855491325)	(95, 30.36942196531792)	(100, 29.26161849710983)	(105, 26.039768786127173)	(110, 23.94404624277457)	(115, 21.756589595375726)	(120, 19.03294797687861)	(125, 16.8421387283237)	(130, 13.532023121387283)	(135, 8.381445086705202)	(140, 5.45699421965318)	(145, 4.45179190751445)	(150, 4.268400770712909)
L5S155	(1, 38.428342031312724)	(2, 38.96467282215978)	(3, 39.1063829787234)	(4, 39.04897631473304)	(5, 39.098354074668805)	(6, 39.254516258530714)	(7, 39.045363307908474)	(8, 39.18466479325572)	(9, 38.90124448012846)	(10, 38.70196708149338)	(15, 39.33079084704938)	(20, 39.04640706543557)	(25, 38.88342031312726)	(30, 39.18562826174227)	(35, 39.13111200321156)	(40, 38.888639100762745)	(45, 38.61605780810919)	(50, 38.654516258530705)	(55, 38.170293054998)	(60, 37.4158972300281)	(65, 36.88141308711361)	(70, 36.1016459253312)	(75, 34.87025291047772)	(80, 34.68767563227619)	(85, 33.843115214773185)	(90, 32.57703733440385)	(95, 31.11320754716981)	(100, 30.81284624648735)	(105, 28.197751906864717)	(110, 26.844480128462465)	(115, 24.094179044560416)	(120, 21.581854676836613)	(125, 19.91465274989964)	(130, 16.227217984745085)	(135, 10.175431553592935)	(140, 6.5044560417503)	(145, 5.119871537535126)	(150, 5.246353539408537)
L5S174	(1, 38.29083094555874)	(2, 38.9269340974212)	(3, 39.03510028653295)	(4, 38.884670487106014)	(5, 39.01719197707737)	(6, 39.175143266475644)	(7, 38.61174785100287)	(8, 39.13073065902579)	(9, 38.82736389684814)	(10, 38.386962750716336)	(15, 39.21583094555874)	(20, 38.83495702005731)	(25, 38.611246418338105)	(30, 39.05852435530086)	(35, 38.82492836676218)	(40, 38.738896848137536)	(45, 38.3102435530086)	(50, 38.35630372492837)	(55, 37.52607449856733)	(60, 36.82600286532951)	(65, 36.177793696275074)	(70, 35.81110315186247)	(75, 35.15723495702006)	(80, 34.89340974212034)	(85, 34.227865329512895)	(90, 32.519699140401144)	(95, 31.28710601719198)	(100, 30.794699140401143)	(105, 28.010386819484246)	(110, 25.8519340974212)	(115, 23.600143266475648)	(120, 20.622707736389682)	(125, 18.43603151862464)	(130, 14.054656160458453)	(135, 9.100787965616046)	(140, 5.614541547277936)	(145, 4.352650429799427)	(150, 4.238299904489016)
L5S203	(1, 38.501481725386896)	(2, 39.05630556470201)	(3, 39.20250246954231)	(4, 39.0006585446164)	(5, 39.1455383602239)	(6, 39.26012512347712)	(7, 38.94632861376358)	(8, 39.196575567994735)	(9, 38.81527823510043)	(10, 38.631346723740535)	(15, 39.30161343431017)	(20, 39.00250246954231)	(25, 38.86440566348371)	(30, 39.137635824827136)	(35, 39.07026671056964)	(40, 38.81350016463615)	(45, 38.461705630556466)	(50, 38.54079683898584)	(55, 38.06592031610141)	(60, 37.18900230490616)	(65, 36.71702337833388)	(70, 36.16463615409943)	(75, 35.160750740862696)	(80, 35.05360553177478)	(85, 33.93203819558776)	(90, 32.631346723740535)	(95, 30.91801119525848)	(100, 30.449983536384593)	(105, 27.611195258478762)	(110, 26.180309515969707)	(115, 23.463878827790587)	(120, 20.918867303259795)	(125, 19.149094501152454)	(130, 15.74738228514982)	(135, 10.392163319064867)	(140, 6.744418834376029)	(145, 5.439776094830424)	(150, 5.417956316540445)
L5S222	(1, 38.34542772861357)	(2, 39.034218289085544)	(3, 39.18967551622419)	(4, 38.89823008849557)	(5, 39.12271386430678)	(6, 39.26401179941003)	(7, 38.783480825958705)	(8, 39.130973451327435)	(9, 38.8306784660767)	(10, 38.565427728613564)	(15, 39.299115044247785)	(20, 38.93610619469026)	(25, 38.77710914454278)	(30, 39.11581120943953)	(35, 39.00448377581121)	(40, 38.863008849557524)	(45, 38.45073746312685)	(50, 38.3670796460177)	(55, 38.08106194690266)	(60, 37.47345132743363)	(65, 36.89398230088496)	(70, 36.39486725663717)	(75, 35.7482005899705)	(80, 35.505132743362836)	(85, 34.68300884955752)	(90, 33.65823008849558)	(95, 32.356637168141596)	(100, 31.860353982300886)	(105, 29.21457227138643)	(110, 27.744070796460175)	(115, 25.419410029498525)	(120, 22.799764011799407)	(125, 20.889852507374634)	(130, 16.912330383480825)	(135, 11.55976401179941)	(140, 7.7529793510324465)	(145, 6.104483775811209)	(150, 5.5944936086529005)
L5S240	(1, 38.41050656660413)	(2, 39.066041275797375)	(3, 39.19887429643527)	(4, 38.99662288930582)	(5, 39.120825515947466)	(6, 39.252908067542215)	(7, 38.96172607879925)	(8, 39.16848030018762)	(9, 38.691932457786116)	(10, 38.59954971857411)	(15, 39.27076923076923)	(20, 39.0246904315197)	(25, 38.876247654784244)	(30, 39.189568480300196)	(35, 39.1565478424015)	(40, 38.89545966228893)	(45, 38.56720450281426)	(50, 38.690431519699814)	(55, 38.31962476547842)	(60, 37.72375234521576)	(65, 37.171857410881806)	(70, 36.44953095684803)	(75, 35.65305816135084)	(80, 35.55519699812383)	(85, 34.44367729831144)	(90, 33.347091932457786)	(95, 31.702213883677302)	(100, 31.716848030018763)	(105, 29.30994371482176)	(110, 27.755797373358348)	(115, 23.711819887429645)	(120, 20.61358348968105)	(125, 19.365103189493432)	(130, 15.941913696060036)	(135, 10.212983114446528)	(140, 6.873020637898686)	(145, 5.567654784240149)	(150, 5.543839899937461)
L6S20	(1, 39.09872122762148)	(2, 39.28317135549872)	(3, 39.37820971867008)	(4, 39.35212276214834)	(5, 39.29227621483376)	(6, 39.41554987212276)	(7, 39.25309462915601)	(8, 39.46925831202046)	(9, 38.916317135549875)	(10, 38.74893094629156)	(15, 39.38121739130435)	(20, 39.12280306905372)	(25, 38.85806649616369)	(30, 39.22749872122762)	(35, 39.10657800511508)	(40, 38.864020460358056)	(45, 38.579089514066496)	(50, 38.540726342711)	(55, 38.259273657289)	(60, 37.687324808184144)	(65, 37.11073145780051)	(70, 36.471202046035806)	(75, 35.12611764705882)	(80, 34.937125319693095)	(85, 34.32386700767263)	(90, 33.27533503836317)	(95, 31.386209718670074)	(100, 31.017452685421993)	(105, 28.35367774936061)	(110, 27.296184143222508)	(115, 24.0413094629156)	(120, 21.31858823529412)	(125, 20.118097186700766)	(130, 16.4259641943734)	(135, 11.010005115089513)	(140, 7.374751918158568)	(145, 5.785309462915601)	(150, 5.840136402387041)
L6S68	(1, 38.963470797571695)	(2, 39.13167259786477)	(3, 39.20975507640779)	(4, 39.358488591166)	(5, 39.238015490893865)	(6, 39.32426208917731)	(7, 39.21059242202219)	(8, 39.40694996859954)	(9, 38.6064475612309)	(10, 38.62846975088968)	(15, 39.34567720326565)	(20, 39.043541971948926)	(25, 38.834687042076624)	(30, 39.108457190705465)	(35, 38.92442955830019)	(40, 38.688612099644125)	(45, 38.341029935105716)	(50, 38.166820180029305)	(55, 37.6858488591166)	(60, 37.010906426627585)	(65, 36.4267322587398)	(70, 35.589072639732045)	(75, 34.41622357127905)	(80, 34.17157211639104)	(85, 33.33167259786477)	(90, 32.03282394808457)	(95, 29.922210592422026)	(100, 29.50546368013398)	(105, 27.129223361942643)	(110, 25.65943060498221)	(115, 21.88182960016747)	(120, 18.75413439397111)	(125, 17.27839648314842)	(130, 13.70337031609797)	(135, 8.769101946828552)	(140, 5.719782290140255)	(145, 4.539062172911869)	(150, 4.43576861349522)
L6S93	(1, 39.01561668145519)	(2, 39.15013309671695)	(3, 39.23487133984028)	(4, 39.328837622005324)	(5, 39.19946761313221)	(6, 39.322715173025735)	(7, 38.903904170363795)	(8, 39.38917480035492)	(9, 38.714729370008875)	(10, 38.28125998225377)	(15, 39.16550133096717)	(20, 38.89888198757764)	(25, 38.524986690328305)	(30, 38.921614906832296)	(35, 38.64560780834073)	(40, 38.57939662821651)	(45, 38.003762200532385)	(50, 37.85329192546584)	(55, 37.247417923691216)	(60, 36.50489795918368)	(65, 35.82030168589175)	(70, 35.32141969831411)	(75, 34.38376220053239)	(80, 33.790097604259095)	(85, 33.239982253771075)	(90, 31.799201419698313)	(95, 30.065607808340722)	(100, 29.603407275953863)	(105, 27.135811889973382)	(110, 25.12402839396628)	(115, 22.008393966282163)	(120, 19.046441881100268)	(125, 17.09868677905945)	(130, 13.129795918367346)	(135, 8.429707187222714)	(140, 5.185572315882875)	(145, 4.228748890860692)	(150, 4.0513753327417925)
