Sample	0	1	2	3	4	5	6	7	8	9	10	11	12	13	14	15	16	17	18	19	20	21	22	23	24	25	26	27	28	29	30	31	32	33	34	35	36	37	38	39	40	41	42	43	44	45	46	47	48	49	50	51	52	53	54	55	56	57	58	59	60	61	62	63	64	65	66	67	68	69	70	71	72	73	74	75	76	77	78	79	80	81	82	83	84	85	86	87	88	89	90	91	92	93	94	95	96	97	98	99	100
L1S105	(0.0, 0.0)	(1.0, 0.0)	(2.0, 0.0)	(3.0, 0.0)	(4.0, 0.0)	(5.0, 0.0)	(6.0, 0.0)	(7.0, 0.0)	(8.0, 0.0)	(9.0, 0.0)	(10.0, 0.0)	(11.0, 0.0)	(12.0, 0.0)	(13.0, 0.0)	(14.0, 0.0)	(15.0, 0.0)	(16.0, 0.0)	(17.0, 0.0)	(18.0, 0.0)	(19.0, 0.0)	(20.0, 0.0)	(21.0, 0.0)	(22.0, 0.0)	(23.0, 0.0)	(24.0, 0.0)	(25.0, 0.0)	(26.0, 0.0)	(27.0, 0.0)	(28.0, 0.0)	(29.0, 0.0)	(30.0, 0.0)	(31.0, 0.0)	(32.0, 0.0)	(33.0, 0.0)	(34.0, 0.0)	(35.0, 0.0)	(36.0, 0.0)	(37.0, 0.004409171075837743)	(38.0, 0.008818342151675486)	(39.0, 0.008818342151675486)	(40.0, 0.004409171075837743)	(41.0, 0.004409171075837743)	(42.0, 0.057319223985890656)	(43.0, 0.7231040564373897)	(44.0, 10.202821869488536)	(45.0, 14.664902998236332)	(46.0, 7.2751322751322745)	(47.0, 4.025573192239859)	(48.0, 7.852733686067019)	(49.0, 7.037037037037037)	(50.0, 2.376543209876543)	(51.0, 2.376543209876543)	(52.0, 6.3051146384479715)	(53.0, 6.538800705467372)	(54.0, 3.1790123456790123)	(55.0, 3.267195767195767)	(56.0, 2.328042328042328)	(57.0, 2.5220458553791887)	(58.0, 7.905643738977072)	(59.0, 8.148148148148149)	(60.0, 2.3059964726631392)	(61.0, 0.6613756613756614)	(62.0, 0.18959435626102292)	(63.0, 0.013227513227513229)	(64.0, 0.004409171075837743)	(65.0, 0.0)	(66.0, 0.0)	(67.0, 0.004409171075837743)	(68.0, 0.004409171075837743)	(69.0, 0.0)	(70.0, 0.0)	(71.0, 0.0)	(72.0, 0.0)	(73.0, 0.0)	(74.0, 0.0)	(75.0, 0.0)	(76.0, 0.0)	(77.0, 0.0)	(78.0, 0.0)	(79.0, 0.0)	(80.0, 0.0)	(81.0, 0.0)	(82.0, 0.0)	(83.0, 0.0)	(84.0, 0.0)	(85.0, 0.0)	(86.0, 0.0)	(87.0, 0.0)	(88.0, 0.0)	(89.0, 0.0)	(90.0, 0.0)	(91.0, 0.0)	(92.0, 0.0)	(93.0, 0.0)	(94.0, 0.0)	(95.0, 0.0)	(96.0, 0.0)	(97.0, 0.0)	(98.0, 0.0)	(99.0, 0.0)	(100.0, 0.0)
L1S140	(0.0, 0.0)	(1.0, 0.0)	(2.0, 0.0)	(3.0, 0.0)	(4.0, 0.0)	(5.0, 0.0)	(6.0, 0.0)	(7.0, 0.0)	(8.0, 0.0)	(9.0, 0.0)	(10.0, 0.0)	(11.0, 0.0)	(12.0, 0.0)	(13.0, 0.0)	(14.0, 0.0)	(15.0, 0.0)	(16.0, 0.0)	(17.0, 0.0)	(18.0, 0.0)	(19.0, 0.0)	(20.0, 0.0)	(21.0, 0.0)	(22.0, 0.0)	(23.0, 0.0)	(24.0, 0.0)	(25.0, 0.0)	(26.0, 0.0)	(27.0, 0.0)	(28.0, 0.0)	(29.0, 0.0)	(30.0, 0.0)	(31.0, 0.0)	(32.0, 0.0)	(33.0, 0.0)	(34.0, 0.0)	(35.0, 0.0)	(36.0, 0.0)	(37.0, 0.0)	(38.0, 0.005135579293344289)	(39.0, 0.010271158586688579)	(40.0, 0.005135579293344289)	(41.0, 0.005135579293344289)	(42.0, 0.08730484798685292)	(43.0, 0.8987263763352507)	(44.0, 13.013557929334429)	(45.0, 20.480690221857024)	(46.0, 12.885168447000822)	(47.0, 7.811216105176665)	(48.0, 7.48253903040263)	(49.0, 5.685086277732128)	(50.0, 4.806902218570254)	(51.0, 4.365242399342646)	(52.0, 1.4944535743631882)	(53.0, 1.3609285127362365)	(54.0, 4.021158586688578)	(55.0, 5.1766639276910436)	(56.0, 4.026294165981923)	(57.0, 2.9786359901396877)	(58.0, 1.6844700082169268)	(59.0, 1.0579293344289236)	(60.0, 0.4365242399342646)	(61.0, 0.16433853738701726)	(62.0, 0.0513557929334429)	(63.0, 0.005135579293344289)	(64.0, 0.0)	(65.0, 0.0)	(66.0, 0.0)	(67.0, 0.0)	(68.0, 0.0)	(69.0, 0.0)	(70.0, 0.0)	(71.0, 0.0)	(72.0, 0.0)	(73.0, 0.0)	(74.0, 0.0)	(75.0, 0.0)	(76.0, 0.0)	(77.0, 0.0)	(78.0, 0.0)	(79.0, 0.0)	(80.0, 0.0)	(81.0, 0.0)	(82.0, 0.0)	(83.0, 0.0)	(84.0, 0.0)	(85.0, 0.0)	(86.0, 0.0)	(87.0, 0.0)	(88.0, 0.0)	(89.0, 0.0)	(90.0, 0.0)	(91.0, 0.0)	(92.0, 0.0)	(93.0, 0.0)	(94.0, 0.0)	(95.0, 0.0)	(96.0, 0.0)	(97.0, 0.0)	(98.0, 0.0)	(99.0, 0.0)	(100.0, 0.0)
L1S208	(0.0, 0.0)	(1.0, 0.0)	(2.0, 0.0)	(3.0, 0.0)	(4.0, 0.0)	(5.0, 0.0)	(6.0, 0.0)	(7.0, 0.0)	(8.0, 0.0)	(9.0, 0.0)	(10.0, 0.0)	(11.0, 0.0)	(12.0, 0.0)	(13.0, 0.0)	(14.0, 0.0)	(15.0, 0.0)	(16.0, 0.0)	(17.0, 0.0)	(18.0, 0.0)	(19.0, 0.0)	(20.0, 0.0)	(21.0, 0.0)	(22.0, 0.0)	(23.0, 0.0)	(24.0, 0.0)	(25.0, 0.0)	(26.0, 0.0)	(27.0, 0.0)	(28.0, 0.0)	(29.0, 0.0)	(30.0, 0.0)	(31.0, 0.0)	(32.0, 0.004411116012351125)	(33.0, 0.004411116012351125)	(34.0, 0.0)	(35.0, 0.0)	(36.0, 0.0)	(37.0, 0.0)	(38.0, 0.0)	(39.0, 0.013233348037053373)	(40.0, 0.0176444640494045)	(41.0, 0.08822232024702249)	(42.0, 0.1985002205558006)	(43.0, 0.8866343184825761)	(44.0, 11.199823555359506)	(45.0, 15.580061755624172)	(46.0, 9.078076753418616)	(47.0, 8.539920599911778)	(48.0, 10.07940008822232)	(49.0, 7.194530216144685)	(50.0, 3.564181737979709)	(51.0, 2.695191883546537)	(52.0, 3.0657256285840315)	(53.0, 3.895015438906043)	(54.0, 3.64799294221438)	(55.0, 4.481693868548743)	(56.0, 4.54786060873401)	(57.0, 3.5818262020291134)	(58.0, 3.4583149536832822)	(59.0, 2.540802823114248)	(60.0, 1.054256726951919)	(61.0, 0.4808116453462726)	(62.0, 0.07940008822232025)	(63.0, 0.013233348037053373)	(64.0, 0.0)	(65.0, 0.004411116012351125)	(66.0, 0.004411116012351125)	(67.0, 0.0)	(68.0, 0.0)	(69.0, 0.0)	(70.0, 0.0)	(71.0, 0.0)	(72.0, 0.0)	(73.0, 0.0)	(74.0, 0.0)	(75.0, 0.0)	(76.0, 0.0)	(77.0, 0.0)	(78.0, 0.0)	(79.0, 0.0)	(80.0, 0.0)	(81.0, 0.0)	(82.0, 0.0)	(83.0, 0.0)	(84.0, 0.0)	(85.0, 0.0)	(86.0, 0.0)	(87.0, 0.0)	(88.0, 0.0)	(89.0, 0.0)	(90.0, 0.0)	(91.0, 0.0)	(92.0, 0.0)	(93.0, 0.0)	(94.0, 0.0)	(95.0, 0.0)	(96.0, 0.0)	(97.0, 0.0)	(98.0, 0.0)	(99.0, 0.0)	(100.0, 0.0)
L1S257	(0.0, 0.0)	(1.0, 0.0)	(2.0, 0.0)	(3.0, 0.0)	(4.0, 0.0)	(5.0, 0.0)	(6.0, 0.0)	(7.0, 0.0)	(8.0, 0.0)	(9.0, 0.0)	(10.0, 0.0)	(11.0, 0.0)	(12.0, 0.0)	(13.0, 0.0)	(14.0, 0.0)	(15.0, 0.0)	(16.0, 0.0)	(17.0, 0.0)	(18.0, 0.0)	(19.0, 0.0)	(20.0, 0.0)	(21.0, 0.0)	(22.0, 0.0)	(23.0, 0.0)	(24.0, 0.0)	(25.0, 0.0)	(26.0, 0.0)	(27.0, 0.0)	(28.0, 0.0)	(29.0, 0.0)	(30.0, 0.0)	(31.0, 0.0)	(32.0, 0.0)	(33.0, 0.0)	(34.0, 0.0)	(35.0, 0.0)	(36.0, 0.0)	(37.0, 0.0)	(38.0, 0.0182570593962999)	(39.0, 0.024342745861733205)	(40.0, 0.006085686465433301)	(41.0, 0.18257059396299902)	(42.0, 0.3347127555988315)	(43.0, 0.7911392405063291)	(44.0, 8.702531645569621)	(45.0, 12.834712755598831)	(46.0, 7.546251217137293)	(47.0, 7.254138266796495)	(48.0, 10.56475170399221)	(49.0, 8.605160662122687)	(50.0, 4.004381694255112)	(51.0, 2.3429892891918205)	(52.0, 2.8420155793573514)	(53.0, 3.207156767283349)	(54.0, 3.803554040895813)	(55.0, 6.82205452775073)	(56.0, 8.264362220058423)	(57.0, 5.477117818889971)	(58.0, 2.9576436222005844)	(59.0, 2.203018500486855)	(60.0, 0.9128529698149951)	(61.0, 0.24951314508276531)	(62.0, 0.042599805258033106)	(63.0, 0.006085686465433301)	(64.0, 0.0)	(65.0, 0.0)	(66.0, 0.0)	(67.0, 0.0)	(68.0, 0.0)	(69.0, 0.0)	(70.0, 0.0)	(71.0, 0.0)	(72.0, 0.0)	(73.0, 0.0)	(74.0, 0.0)	(75.0, 0.0)	(76.0, 0.0)	(77.0, 0.0)	(78.0, 0.0)	(79.0, 0.0)	(80.0, 0.0)	(81.0, 0.0)	(82.0, 0.0)	(83.0, 0.0)	(84.0, 0.0)	(85.0, 0.0)	(86.0, 0.0)	(87.0, 0.0)	(88.0, 0.0)	(89.0, 0.0)	(90.0, 0.0)	(91.0, 0.0)	(92.0, 0.0)	(93.0, 0.0)	(94.0, 0.0)	(95.0, 0.0)	(96.0, 0.0)	(97.0, 0.0)	(98.0, 0.0)	(99.0, 0.0)	(100.0, 0.0)
L1S281	(0.0, 0.0)	(1.0, 0.0)	(2.0, 0.0)	(3.0, 0.0)	(4.0, 0.0)	(5.0, 0.0)	(6.0, 0.0)	(7.0, 0.0)	(8.0, 0.0)	(9.0, 0.0)	(10.0, 0.0)	(11.0, 0.0)	(12.0, 0.0)	(13.0, 0.0)	(14.0, 0.0)	(15.0, 0.0)	(16.0, 0.0)	(17.0, 0.0)	(18.0, 0.0)	(19.0, 0.0)	(20.0, 0.0)	(21.0, 0.0)	(22.0, 0.0)	(23.0, 0.0)	(24.0, 0.0)	(25.0, 0.0)	(26.0, 0.0)	(27.0, 0.0)	(28.0, 0.0)	(29.0, 0.0)	(30.0, 0.0)	(31.0, 0.0)	(32.0, 0.0)	(33.0, 0.0)	(34.0, 0.0)	(35.0, 0.0)	(36.0, 0.0)	(37.0, 0.0)	(38.0, 0.011230907457322553)	(39.0, 0.01684636118598383)	(40.0, 0.011230907457322553)	(41.0, 0.12353998203054807)	(42.0, 0.2526954177897574)	(43.0, 0.8479335130278527)	(44.0, 10.65251572327044)	(45.0, 13.46024258760108)	(46.0, 5.682839173405211)	(47.0, 6.390386343216532)	(48.0, 8.53548966756514)	(49.0, 5.463836477987422)	(50.0, 3.341194968553459)	(51.0, 3.273809523809524)	(52.0, 4.1610512129380055)	(53.0, 4.391284815813118)	(54.0, 4.1610512129380055)	(55.0, 6.895777178796046)	(56.0, 8.89487870619946)	(57.0, 6.221922731356694)	(58.0, 3.139038634321653)	(59.0, 2.543800539083558)	(60.0, 1.0725516621743036)	(61.0, 0.3481581311769991)	(62.0, 0.07861635220125787)	(63.0, 0.01684636118598383)	(64.0, 0.0)	(65.0, 0.0)	(66.0, 0.0)	(67.0, 0.0)	(68.0, 0.0)	(69.0, 0.0)	(70.0, 0.005615453728661277)	(71.0, 0.005615453728661277)	(72.0, 0.0)	(73.0, 0.0)	(74.0, 0.0)	(75.0, 0.0)	(76.0, 0.0)	(77.0, 0.0)	(78.0, 0.0)	(79.0, 0.0)	(80.0, 0.0)	(81.0, 0.0)	(82.0, 0.0)	(83.0, 0.0)	(84.0, 0.0)	(85.0, 0.0)	(86.0, 0.0)	(87.0, 0.0)	(88.0, 0.0)	(89.0, 0.0)	(90.0, 0.0)	(91.0, 0.0)	(92.0, 0.0)	(93.0, 0.0)	(94.0, 0.0)	(95.0, 0.0)	(96.0, 0.0)	(97.0, 0.0)	(98.0, 0.0)	(99.0, 0.0)	(100.0, 0.0)
L1S57	(0.0, 0.0)	(1.0, 0.0)	(2.0, 0.0)	(3.0, 0.0)	(4.0, 0.0)	(5.0, 0.0)	(6.0, 0.0)	(7.0, 0.0)	(8.0, 0.0)	(9.0, 0.0)	(10.0, 0.0)	(11.0, 0.0)	(12.0, 0.0)	(13.0, 0.0)	(14.0, 0.0)	(15.0, 0.0)	(16.0, 0.0)	(17.0, 0.0)	(18.0, 0.0)	(19.0, 0.0)	(20.0, 0.0)	(21.0, 0.0)	(22.0, 0.0)	(23.0, 0.0)	(24.0, 0.0)	(25.0, 0.0)	(26.0, 0.0)	(27.0, 0.0)	(28.0, 0.0)	(29.0, 0.0)	(30.0, 0.0)	(31.0, 0.0)	(32.0, 0.0)	(33.0, 0.0)	(34.0, 0.0)	(35.0, 0.0)	(36.0, 0.0)	(37.0, 0.0)	(38.0, 0.00851063829787234)	(39.0, 0.01276595744680851)	(40.0, 0.00851063829787234)	(41.0, 0.01276595744680851)	(42.0, 0.08085106382978724)	(43.0, 1.0127659574468084)	(44.0, 12.663829787234043)	(45.0, 18.174468085106383)	(46.0, 8.497872340425532)	(47.0, 3.127659574468085)	(48.0, 3.323404255319149)	(49.0, 2.6936170212765957)	(50.0, 1.0510638297872341)	(51.0, 1.8638297872340428)	(52.0, 7.348936170212767)	(53.0, 8.182978723404254)	(54.0, 6.285106382978724)	(55.0, 6.582978723404255)	(56.0, 4.991489361702127)	(57.0, 4.1063829787234045)	(58.0, 4.506382978723404)	(59.0, 3.8170212765957445)	(60.0, 1.097872340425532)	(61.0, 0.3872340425531915)	(62.0, 0.13191489361702127)	(63.0, 0.02127659574468085)	(64.0, 0.0)	(65.0, 0.0)	(66.0, 0.0)	(67.0, 0.00425531914893617)	(68.0, 0.00425531914893617)	(69.0, 0.0)	(70.0, 0.0)	(71.0, 0.0)	(72.0, 0.0)	(73.0, 0.0)	(74.0, 0.0)	(75.0, 0.0)	(76.0, 0.0)	(77.0, 0.0)	(78.0, 0.0)	(79.0, 0.0)	(80.0, 0.0)	(81.0, 0.0)	(82.0, 0.0)	(83.0, 0.0)	(84.0, 0.0)	(85.0, 0.0)	(86.0, 0.0)	(87.0, 0.0)	(88.0, 0.0)	(89.0, 0.0)	(90.0, 0.0)	(91.0, 0.0)	(92.0, 0.0)	(93.0, 0.0)	(94.0, 0.0)	(95.0, 0.0)	(96.0, 0.0)	(97.0, 0.0)	(98.0, 0.0)	(99.0, 0.0)	(100.0, 0.0)
L1S76	(0.0, 0.0)	(1.0, 0.0)	(2.0, 0.0)	(3.0, 0.0)	(4.0, 0.0)	(5.0, 0.0)	(6.0, 0.0)	(7.0, 0.0)	(8.0, 0.0)	(9.0, 0.0)	(10.0, 0.0)	(11.0, 0.0)	(12.0, 0.0)	(13.0, 0.0)	(14.0, 0.0049504950495049506)	(15.0, 0.0049504950495049506)	(16.0, 0.0)	(17.0, 0.0)	(18.0, 0.0)	(19.0, 0.0)	(20.0, 0.0)	(21.0, 0.0)	(22.0, 0.0)	(23.0, 0.0)	(24.0, 0.0)	(25.0, 0.0)	(26.0, 0.0)	(27.0, 0.0)	(28.0, 0.0)	(29.0, 0.0)	(30.0, 0.0)	(31.0, 0.0)	(32.0, 0.0)	(33.0, 0.0)	(34.0, 0.0)	(35.0, 0.0)	(36.0, 0.0)	(37.0, 0.0)	(38.0, 0.0049504950495049506)	(39.0, 0.024752475247524754)	(40.0, 0.024752475247524754)	(41.0, 0.01485148514851485)	(42.0, 0.09405940594059406)	(43.0, 1.306930693069307)	(44.0, 16.712871287128714)	(45.0, 22.514851485148515)	(46.0, 8.841584158415841)	(47.0, 3.237623762376238)	(48.0, 3.6237623762376234)	(49.0, 2.589108910891089)	(50.0, 1.6732673267326734)	(51.0, 2.1980198019801978)	(52.0, 5.876237623762376)	(53.0, 6.376237623762377)	(54.0, 4.599009900990099)	(55.0, 4.866336633663367)	(56.0, 3.9554455445544554)	(57.0, 3.5049504950495054)	(58.0, 3.683168316831683)	(59.0, 3.014851485148515)	(60.0, 0.801980198019802)	(61.0, 0.32673267326732675)	(62.0, 0.09900990099009901)	(63.0, 0.01485148514851485)	(64.0, 0.0049504950495049506)	(65.0, 0.0049504950495049506)	(66.0, 0.0)	(67.0, 0.0)	(68.0, 0.0)	(69.0, 0.0)	(70.0, 0.0)	(71.0, 0.0)	(72.0, 0.0)	(73.0, 0.0)	(74.0, 0.0)	(75.0, 0.0)	(76.0, 0.0)	(77.0, 0.0)	(78.0, 0.0)	(79.0, 0.0)	(80.0, 0.0)	(81.0, 0.0)	(82.0, 0.0)	(83.0, 0.0)	(84.0, 0.0)	(85.0, 0.0)	(86.0, 0.0)	(87.0, 0.0)	(88.0, 0.0)	(89.0, 0.0)	(90.0, 0.0)	(91.0, 0.0)	(92.0, 0.0)	(93.0, 0.0)	(94.0, 0.0)	(95.0, 0.0)	(96.0, 0.0)	(97.0, 0.0)	(98.0, 0.0)	(99.0, 0.0)	(100.0, 0.0)
L1S8	(0.0, 0.0)	(1.0, 0.0)	(2.0, 0.0)	(3.0, 0.0)	(4.0, 0.0)	(5.0, 0.0)	(6.0, 0.0)	(7.0, 0.0)	(8.0, 0.0)	(9.0, 0.0)	(10.0, 0.0)	(11.0, 0.0)	(12.0, 0.0)	(13.0, 0.0)	(14.0, 0.0)	(15.0, 0.0)	(16.0, 0.0)	(17.0, 0.0)	(18.0, 0.0)	(19.0, 0.0)	(20.0, 0.0)	(21.0, 0.0)	(22.0, 0.0)	(23.0, 0.0)	(24.0, 0.0)	(25.0, 0.0)	(26.0, 0.0)	(27.0, 0.0)	(28.0, 0.0)	(29.0, 0.0)	(30.0, 0.0)	(31.0, 0.0)	(32.0, 0.0)	(33.0, 0.0)	(34.0, 0.0)	(35.0, 0.0)	(36.0, 0.0)	(37.0, 0.0)	(38.0, 0.0)	(39.0, 0.0)	(40.0, 0.004036815759728726)	(41.0, 0.012110447279186178)	(42.0, 0.04844178911674471)	(43.0, 0.722590020991442)	(44.0, 11.34345228483772)	(45.0, 18.896334571290165)	(46.0, 10.36250605522364)	(47.0, 2.575488454706927)	(48.0, 1.7116098821249797)	(49.0, 1.4492168577426126)	(50.0, 0.6418537057968674)	(51.0, 0.7589213628290005)	(52.0, 1.162602938801873)	(53.0, 2.103181010818666)	(54.0, 5.0379460681414505)	(55.0, 5.235750040368157)	(56.0, 2.212175036331342)	(57.0, 3.0518327143549167)	(58.0, 13.68480542548038)	(59.0, 14.60519941869853)	(60.0, 3.677539157112869)	(61.0, 0.5772646536412078)	(62.0, 0.1089940255126756)	(63.0, 0.012110447279186178)	(64.0, 0.004036815759728726)	(65.0, 0.0)	(66.0, 0.0)	(67.0, 0.0)	(68.0, 0.0)	(69.0, 0.0)	(70.0, 0.0)	(71.0, 0.0)	(72.0, 0.0)	(73.0, 0.0)	(74.0, 0.0)	(75.0, 0.0)	(76.0, 0.0)	(77.0, 0.0)	(78.0, 0.0)	(79.0, 0.0)	(80.0, 0.0)	(81.0, 0.0)	(82.0, 0.0)	(83.0, 0.0)	(84.0, 0.0)	(85.0, 0.0)	(86.0, 0.0)	(87.0, 0.0)	(88.0, 0.0)	(89.0, 0.0)	(90.0, 0.0)	(91.0, 0.0)	(92.0, 0.0)	(93.0, 0.0)	(94.0, 0.0)	(95.0, 0.0)	(96.0, 0.0)	(97.0, 0.0)	(98.0, 0.0)	(99.0, 0.0)	(100.0, 0.0)
L2S155	(0.0, 0.0)	(1.0, 0.0)	(2.0, 0.0)	(3.0, 0.0)	(4.0, 0.0)	(5.0, 0.0)	(6.0, 0.0)	(7.0, 0.0)	(8.0, 0.0)	(9.0, 0.0)	(10.0, 0.0)	(11.0, 0.0)	(12.0, 0.0)	(13.0, 0.0)	(14.0, 0.0)	(15.0, 0.0)	(16.0, 0.0)	(17.0, 0.0)	(18.0, 0.0)	(19.0, 0.0)	(20.0, 0.0)	(21.0, 0.0)	(22.0, 0.0)	(23.0, 0.0)	(24.0, 0.0)	(25.0, 0.0)	(26.0, 0.0)	(27.0, 0.0)	(28.0, 0.0)	(29.0, 0.005398984990821726)	(30.0, 0.005398984990821726)	(31.0, 0.010797969981643452)	(32.0, 0.021595939963286903)	(33.0, 0.016196954972465177)	(34.0, 0.03779289493575208)	(35.0, 0.043191879926573806)	(36.0, 0.03779289493575208)	(37.0, 0.043191879926573806)	(38.0, 0.016196954972465177)	(39.0, 0.005398984990821726)	(40.0, 0.010797969981643452)	(41.0, 0.12417665478889968)	(42.0, 0.1673685347154735)	(43.0, 0.11337868480725624)	(44.0, 0.2969441744951949)	(45.0, 0.5183025591188857)	(46.0, 0.8530396285498325)	(47.0, 2.0192203865673255)	(48.0, 2.991037684915236)	(49.0, 3.2609869344563225)	(50.0, 8.314436885865458)	(51.0, 11.462045135514524)	(52.0, 10.474030882194148)	(53.0, 9.680380088543354)	(54.0, 7.833927221682324)	(55.0, 9.25925925925926)	(56.0, 11.343267465716446)	(57.0, 8.913724219846669)	(58.0, 5.901090594968146)	(59.0, 3.8224813735017813)	(60.0, 1.338948277723788)	(61.0, 0.4859086491739553)	(62.0, 0.215959399632869)	(63.0, 0.14037360976136484)	(64.0, 0.08638375985314761)	(65.0, 0.043191879926573806)	(66.0, 0.026994924954108625)	(67.0, 0.010797969981643452)	(68.0, 0.005398984990821726)	(69.0, 0.005398984990821726)	(70.0, 0.021595939963286903)	(71.0, 0.016196954972465177)	(72.0, 0.0)	(73.0, 0.0)	(74.0, 0.0)	(75.0, 0.0)	(76.0, 0.0)	(77.0, 0.0)	(78.0, 0.0)	(79.0, 0.0)	(80.0, 0.0)	(81.0, 0.0)	(82.0, 0.0)	(83.0, 0.0)	(84.0, 0.0)	(85.0, 0.0)	(86.0, 0.0)	(87.0, 0.0)	(88.0, 0.0)	(89.0, 0.0)	(90.0, 0.0)	(91.0, 0.0)	(92.0, 0.0)	(93.0, 0.0)	(94.0, 0.0)	(95.0, 0.0)	(96.0, 0.0)	(97.0, 0.0)	(98.0, 0.0)	(99.0, 0.0)	(100.0, 0.0)
L2S175	(0.0, 0.0)	(1.0, 0.0)	(2.0, 0.0)	(3.0, 0.0)	(4.0, 0.0)	(5.0, 0.0)	(6.0, 0.0)	(7.0, 0.0)	(8.0, 0.0)	(9.0, 0.0)	(10.0, 0.0)	(11.0, 0.0)	(12.0, 0.0)	(13.0, 0.0)	(14.0, 0.0)	(15.0, 0.0)	(16.0, 0.0)	(17.0, 0.0)	(18.0, 0.0)	(19.0, 0.0)	(20.0, 0.0)	(21.0, 0.0)	(22.0, 0.0)	(23.0, 0.0)	(24.0, 0.0)	(25.0, 0.0)	(26.0, 0.0)	(27.0, 0.0)	(28.0, 0.0)	(29.0, 0.0)	(30.0, 0.0)	(31.0, 0.0)	(32.0, 0.0)	(33.0, 0.0)	(34.0, 0.0)	(35.0, 0.014030492937985221)	(36.0, 0.023384154896642036)	(37.0, 0.009353661958656815)	(38.0, 0.0)	(39.0, 0.0)	(40.0, 0.0)	(41.0, 0.023384154896642036)	(42.0, 0.060798802731269294)	(43.0, 0.11692077448321019)	(44.0, 0.31334767561500326)	(45.0, 0.5425123936020952)	(46.0, 1.2112992236460574)	(47.0, 2.076512954821813)	(48.0, 2.4225984472921147)	(49.0, 2.539519221775325)	(50.0, 3.8350014030492936)	(51.0, 8.839210550930689)	(52.0, 9.638948648395846)	(53.0, 8.9233935085586)	(54.0, 11.229071181367505)	(55.0, 14.493499204938734)	(56.0, 13.30090730520999)	(57.0, 7.3098868206903)	(58.0, 6.383874286783275)	(59.0, 4.5832943597418385)	(60.0, 1.2487138714806847)	(61.0, 0.3367318305116453)	(62.0, 0.22448788700776354)	(63.0, 0.1309512674211954)	(64.0, 0.060798802731269294)	(65.0, 0.028060985875970442)	(66.0, 0.01870732391731363)	(67.0, 0.014030492937985221)	(68.0, 0.01870732391731363)	(69.0, 0.014030492937985221)	(70.0, 0.009353661958656815)	(71.0, 0.004676830979328407)	(72.0, 0.0)	(73.0, 0.0)	(74.0, 0.0)	(75.0, 0.0)	(76.0, 0.0)	(77.0, 0.0)	(78.0, 0.0)	(79.0, 0.0)	(80.0, 0.0)	(81.0, 0.0)	(82.0, 0.0)	(83.0, 0.0)	(84.0, 0.0)	(85.0, 0.0)	(86.0, 0.0)	(87.0, 0.0)	(88.0, 0.0)	(89.0, 0.0)	(90.0, 0.0)	(91.0, 0.0)	(92.0, 0.0)	(93.0, 0.0)	(94.0, 0.0)	(95.0, 0.0)	(96.0, 0.0)	(97.0, 0.0)	(98.0, 0.0)	(99.0, 0.0)	(100.0, 0.0)
L2S204	(0.0, 0.0)	(1.0, 0.0)	(2.0, 0.0)	(3.0, 0.0)	(4.0, 0.0)	(5.0, 0.0)	(6.0, 0.0)	(7.0, 0.0)	(8.0, 0.0)	(9.0, 0.0)	(10.0, 0.0)	(11.0, 0.0)	(12.0, 0.0)	(13.0, 0.0)	(14.0, 0.0)	(15.0, 0.0)	(16.0, 0.0)	(17.0, 0.0)	(18.0, 0.0)	(19.0, 0.0)	(20.0, 0.0)	(21.0, 0.0)	(22.0, 0.0)	(23.0, 0.0)	(24.0, 0.0)	(25.0, 0.0)	(26.0, 0.0)	(27.0, 0.0)	(28.0, 0.0)	(29.0, 0.0)	(30.0, 0.013704262025489926)	(31.0, 0.027408524050979852)	(32.0, 0.02055639303823489)	(33.0, 0.013704262025489926)	(34.0, 0.07537344114019459)	(35.0, 0.16445114430587912)	(36.0, 0.10278196519117445)	(37.0, 0.03426065506372482)	(38.0, 0.027408524050979852)	(39.0, 0.0)	(40.0, 0.03426065506372482)	(41.0, 0.30149376456077837)	(42.0, 0.3357544196245032)	(43.0, 0.10278196519117445)	(44.0, 0.2055639303823489)	(45.0, 0.5344662189941072)	(46.0, 0.8770727696313553)	(47.0, 1.2059750582431135)	(48.0, 1.6513635740715362)	(49.0, 1.507468822803892)	(50.0, 2.1515691380019186)	(51.0, 6.3587775798273265)	(52.0, 20.021926819240786)	(53.0, 26.003837193367136)	(54.0, 14.766342332465396)	(55.0, 6.687679868439085)	(56.0, 5.118541866520488)	(57.0, 4.351103193093052)	(58.0, 3.1519802658626834)	(59.0, 2.069343565848979)	(60.0, 1.110045224064684)	(61.0, 0.4248321227901877)	(62.0, 0.18500753734411401)	(63.0, 0.10963409620391941)	(64.0, 0.08222557215293956)	(65.0, 0.04111278607646978)	(66.0, 0.027408524050979852)	(67.0, 0.03426065506372482)	(68.0, 0.03426065506372482)	(69.0, 0.02055639303823489)	(70.0, 0.006852131012744963)	(71.0, 0.006852131012744963)	(72.0, 0.0)	(73.0, 0.0)	(74.0, 0.0)	(75.0, 0.0)	(76.0, 0.0)	(77.0, 0.0)	(78.0, 0.0)	(79.0, 0.0)	(80.0, 0.0)	(81.0, 0.0)	(82.0, 0.0)	(83.0, 0.0)	(84.0, 0.0)	(85.0, 0.0)	(86.0, 0.0)	(87.0, 0.0)	(88.0, 0.0)	(89.0, 0.0)	(90.0, 0.0)	(91.0, 0.0)	(92.0, 0.0)	(93.0, 0.0)	(94.0, 0.0)	(95.0, 0.0)	(96.0, 0.0)	(97.0, 0.0)	(98.0, 0.0)	(99.0, 0.0)	(100.0, 0.0)
L2S222	(0.0, 0.0)	(1.0, 0.0)	(2.0, 0.0)	(3.0, 0.0)	(4.0, 0.0)	(5.0, 0.0)	(6.0, 0.0)	(7.0, 0.0)	(8.0, 0.0)	(9.0, 0.0)	(10.0, 0.0)	(11.0, 0.0)	(12.0, 0.0)	(13.0, 0.0)	(14.0, 0.0)	(15.0, 0.0)	(16.0, 0.0)	(17.0, 0.0)	(18.0, 0.0)	(19.0, 0.0)	(20.0, 0.0)	(21.0, 0.0)	(22.0, 0.0)	(23.0, 0.0)	(24.0, 0.0)	(25.0, 0.0)	(26.0, 0.0)	(27.0, 0.005962318149296446)	(28.0, 0.005962318149296446)	(29.0, 0.011924636298592892)	(30.0, 0.011924636298592892)	(31.0, 0.01788695444788934)	(32.0, 0.01788695444788934)	(33.0, 0.0)	(34.0, 0.06558549964226092)	(35.0, 0.1013594085380396)	(36.0, 0.0894347722394467)	(37.0, 0.06558549964226092)	(38.0, 0.01788695444788934)	(39.0, 0.01788695444788934)	(40.0, 0.02981159074648223)	(41.0, 0.24445504412115432)	(42.0, 0.3040782256141188)	(43.0, 0.09539709038874314)	(44.0, 0.2027188170760792)	(45.0, 0.5306463152873838)	(46.0, 1.1447650846649178)	(47.0, 1.764846172191748)	(48.0, 2.5041736227045077)	(49.0, 2.8380634390651087)	(50.0, 3.863582160744097)	(51.0, 6.791080372048652)	(52.0, 10.225375626043405)	(53.0, 12.968041974719771)	(54.0, 12.663963749105653)	(55.0, 12.01407107083234)	(56.0, 11.447650846649177)	(57.0, 8.269735273074172)	(58.0, 5.097782017648462)	(59.0, 3.1063677557834484)	(60.0, 1.7171476269973767)	(61.0, 0.8168375864536133)	(62.0, 0.3756260434056761)	(63.0, 0.1967564989267827)	(64.0, 0.11924636298592892)	(65.0, 0.08347245409015025)	(66.0, 0.05366086334366802)	(67.0, 0.02981159074648223)	(68.0, 0.03577390889577868)	(69.0, 0.02981159074648223)	(70.0, 0.005962318149296446)	(71.0, 0.0)	(72.0, 0.0)	(73.0, 0.0)	(74.0, 0.0)	(75.0, 0.0)	(76.0, 0.0)	(77.0, 0.0)	(78.0, 0.0)	(79.0, 0.0)	(80.0, 0.0)	(81.0, 0.0)	(82.0, 0.0)	(83.0, 0.0)	(84.0, 0.0)	(85.0, 0.0)	(86.0, 0.0)	(87.0, 0.0)	(88.0, 0.0)	(89.0, 0.0)	(90.0, 0.0)	(91.0, 0.0)	(92.0, 0.0)	(93.0, 0.0)	(94.0, 0.0)	(95.0, 0.0)	(96.0, 0.0)	(97.0, 0.0)	(98.0, 0.0)	(99.0, 0.0)	(100.0, 0.0)
L2S240	(0.0, 0.0)	(1.0, 0.0)	(2.0, 0.0)	(3.0, 0.0)	(4.0, 0.0)	(5.0, 0.0)	(6.0, 0.0)	(7.0, 0.0)	(8.0, 0.0)	(9.0, 0.0)	(10.0, 0.0)	(11.0, 0.0)	(12.0, 0.0)	(13.0, 0.0)	(14.0, 0.0)	(15.0, 0.0)	(16.0, 0.0)	(17.0, 0.0)	(18.0, 0.0)	(19.0, 0.0)	(20.0, 0.0)	(21.0, 0.0)	(22.0, 0.0)	(23.0, 0.0)	(24.0, 0.0)	(25.0, 0.0)	(26.0, 0.0)	(27.0, 0.0)	(28.0, 0.0)	(29.0, 0.0)	(30.0, 0.0)	(31.0, 0.0)	(32.0, 0.0)	(33.0, 0.0)	(34.0, 0.0)	(35.0, 0.0)	(36.0, 0.0)	(37.0, 0.0)	(38.0, 0.0)	(39.0, 0.0)	(40.0, 0.0)	(41.0, 0.0)	(42.0, 0.05422993492407809)	(43.0, 0.07508760220256966)	(44.0, 0.1918905389621225)	(45.0, 3.195394627064909)	(46.0, 4.513599199065577)	(47.0, 2.056565993659269)	(48.0, 5.068413148673452)	(49.0, 5.623227098281328)	(50.0, 2.940931086267312)	(51.0, 3.9838144501918906)	(52.0, 3.595861838811947)	(53.0, 3.9796429167361924)	(54.0, 13.949607875855163)	(55.0, 16.565159352578007)	(56.0, 14.462706490906058)	(57.0, 11.488403136993158)	(58.0, 3.879526113799433)	(59.0, 2.719839813115301)	(60.0, 1.297346904722176)	(61.0, 0.30452194226597695)	(62.0, 0.04171533455698315)	(63.0, 0.004171533455698315)	(64.0, 0.0)	(65.0, 0.0)	(66.0, 0.004171533455698315)	(67.0, 0.004171533455698315)	(68.0, 0.0)	(69.0, 0.0)	(70.0, 0.0)	(71.0, 0.0)	(72.0, 0.0)	(73.0, 0.0)	(74.0, 0.0)	(75.0, 0.0)	(76.0, 0.0)	(77.0, 0.0)	(78.0, 0.0)	(79.0, 0.0)	(80.0, 0.0)	(81.0, 0.0)	(82.0, 0.0)	(83.0, 0.0)	(84.0, 0.0)	(85.0, 0.0)	(86.0, 0.0)	(87.0, 0.0)	(88.0, 0.0)	(89.0, 0.0)	(90.0, 0.0)	(91.0, 0.0)	(92.0, 0.0)	(93.0, 0.0)	(94.0, 0.0)	(95.0, 0.0)	(96.0, 0.0)	(97.0, 0.0)	(98.0, 0.0)	(99.0, 0.0)	(100.0, 0.0)
L2S309	(0.0, 0.0)	(1.0, 0.0)	(2.0, 0.0)	(3.0, 0.0)	(4.0, 0.0)	(5.0, 0.0)	(6.0, 0.0)	(7.0, 0.0)	(8.0, 0.01303780964797914)	(9.0, 0.01303780964797914)	(10.0, 0.0)	(11.0, 0.0)	(12.0, 0.0)	(13.0, 0.0)	(14.0, 0.0)	(15.0, 0.0)	(16.0, 0.0)	(17.0, 0.0)	(18.0, 0.0)	(19.0, 0.0)	(20.0, 0.0)	(21.0, 0.0)	(22.0, 0.0)	(23.0, 0.0)	(24.0, 0.0)	(25.0, 0.0)	(26.0, 0.01303780964797914)	(27.0, 0.01303780964797914)	(28.0, 0.0)	(29.0, 0.0)	(30.0, 0.0)	(31.0, 0.0)	(32.0, 0.0)	(33.0, 0.0)	(34.0, 0.01303780964797914)	(35.0, 0.01303780964797914)	(36.0, 0.01303780964797914)	(37.0, 0.01303780964797914)	(38.0, 0.0)	(39.0, 0.0)	(40.0, 0.03911342894393742)	(41.0, 0.1303780964797914)	(42.0, 0.11734028683181225)	(43.0, 0.11734028683181225)	(44.0, 0.37809647979139505)	(45.0, 0.6910039113428944)	(46.0, 1.0821382007822686)	(47.0, 1.5384615384615385)	(48.0, 1.7601043024771839)	(49.0, 1.8513689700130378)	(50.0, 4.198174706649283)	(51.0, 9.10039113428944)	(52.0, 9.582790091264668)	(53.0, 17.340286831812254)	(54.0, 19.752281616688396)	(55.0, 9.504563233376793)	(56.0, 5.971316818774445)	(57.0, 5.423728813559322)	(58.0, 4.99348109517601)	(59.0, 3.3246414602346808)	(60.0, 1.6818774445893092)	(61.0, 0.6779661016949152)	(62.0, 0.24771838331160367)	(63.0, 0.1694915254237288)	(64.0, 0.07822685788787484)	(65.0, 0.02607561929595828)	(66.0, 0.02607561929595828)	(67.0, 0.03911342894393742)	(68.0, 0.02607561929595828)	(69.0, 0.0)	(70.0, 0.0)	(71.0, 0.01303780964797914)	(72.0, 0.01303780964797914)	(73.0, 0.0)	(74.0, 0.0)	(75.0, 0.0)	(76.0, 0.0)	(77.0, 0.0)	(78.0, 0.0)	(79.0, 0.0)	(80.0, 0.0)	(81.0, 0.0)	(82.0, 0.0)	(83.0, 0.0)	(84.0, 0.0)	(85.0, 0.0)	(86.0, 0.0)	(87.0, 0.0)	(88.0, 0.0)	(89.0, 0.0)	(90.0, 0.0)	(91.0, 0.0)	(92.0, 0.0)	(93.0, 0.0)	(94.0, 0.0)	(95.0, 0.0)	(96.0, 0.0)	(97.0, 0.0)	(98.0, 0.0)	(99.0, 0.0)	(100.0, 0.0)
L2S357	(0.0, 0.0)	(1.0, 0.0)	(2.0, 0.0)	(3.0, 0.0)	(4.0, 0.0)	(5.0, 0.0)	(6.0, 0.0)	(7.0, 0.0)	(8.0, 0.0)	(9.0, 0.0)	(10.0, 0.0)	(11.0, 0.0)	(12.0, 0.0)	(13.0, 0.007996161842315688)	(14.0, 0.007996161842315688)	(15.0, 0.0)	(16.0, 0.0)	(17.0, 0.0)	(18.0, 0.0)	(19.0, 0.0)	(20.0, 0.0)	(21.0, 0.0)	(22.0, 0.0)	(23.0, 0.0)	(24.0, 0.0)	(25.0, 0.0)	(26.0, 0.0)	(27.0, 0.0)	(28.0, 0.0)	(29.0, 0.0)	(30.0, 0.0)	(31.0, 0.015992323684631375)	(32.0, 0.015992323684631375)	(33.0, 0.0)	(34.0, 0.0)	(35.0, 0.015992323684631375)	(36.0, 0.015992323684631375)	(37.0, 0.015992323684631375)	(38.0, 0.015992323684631375)	(39.0, 0.0)	(40.0, 0.0)	(41.0, 0.03998080921157844)	(42.0, 0.08795778026547257)	(43.0, 0.08795778026547257)	(44.0, 0.2079002079002079)	(45.0, 0.44778506316967853)	(46.0, 0.7676315368623061)	(47.0, 1.3833359987206142)	(48.0, 1.4712937789860867)	(49.0, 1.2793858947705101)	(50.0, 2.3988485526947065)	(51.0, 7.772269310730849)	(52.0, 12.01823124900048)	(53.0, 17.111786342555575)	(54.0, 19.318727011034703)	(55.0, 12.458020150327842)	(56.0, 6.756756756756757)	(57.0, 5.69326723172877)	(58.0, 5.621301775147929)	(59.0, 3.230449384295538)	(60.0, 1.0954741723972494)	(61.0, 0.30385415000799615)	(62.0, 0.08795778026547257)	(63.0, 0.0639692947385255)	(64.0, 0.055973132896209817)	(65.0, 0.04797697105389413)	(66.0, 0.03198464736926275)	(67.0, 0.007996161842315688)	(68.0, 0.023988485526947066)	(69.0, 0.015992323684631375)	(70.0, 0.0)	(71.0, 0.0)	(72.0, 0.0)	(73.0, 0.0)	(74.0, 0.0)	(75.0, 0.0)	(76.0, 0.0)	(77.0, 0.0)	(78.0, 0.0)	(79.0, 0.0)	(80.0, 0.0)	(81.0, 0.0)	(82.0, 0.0)	(83.0, 0.0)	(84.0, 0.0)	(85.0, 0.0)	(86.0, 0.0)	(87.0, 0.0)	(88.0, 0.0)	(89.0, 0.0)	(90.0, 0.0)	(91.0, 0.0)	(92.0, 0.0)	(93.0, 0.0)	(94.0, 0.0)	(95.0, 0.0)	(96.0, 0.0)	(97.0, 0.0)	(98.0, 0.0)	(99.0, 0.0)	(100.0, 0.0)
L2S382	(0.0, 0.0)	(1.0, 0.0)	(2.0, 0.0)	(3.0, 0.0)	(4.0, 0.0)	(5.0, 0.0)	(6.0, 0.0)	(7.0, 0.0)	(8.0, 0.0)	(9.0, 0.0)	(10.0, 0.0)	(11.0, 0.0)	(12.0, 0.0)	(13.0, 0.0)	(14.0, 0.0)	(15.0, 0.0)	(16.0, 0.0)	(17.0, 0.0)	(18.0, 0.0)	(19.0, 0.0)	(20.0, 0.0)	(21.0, 0.0)	(22.0, 0.0)	(23.0, 0.0)	(24.0, 0.0)	(25.0, 0.0)	(26.0, 0.0)	(27.0, 0.0)	(28.0, 0.0)	(29.0, 0.0)	(30.0, 0.0)	(31.0, 0.0)	(32.0, 0.0)	(33.0, 0.0)	(34.0, 0.0)	(35.0, 0.0)	(36.0, 0.0)	(37.0, 0.0)	(38.0, 0.005376344086021506)	(39.0, 0.005376344086021506)	(40.0, 0.005376344086021506)	(41.0, 0.005376344086021506)	(42.0, 0.03763440860215054)	(43.0, 0.33333333333333337)	(44.0, 1.2043010752688172)	(45.0, 2.381720430107527)	(46.0, 4.46236559139785)	(47.0, 4.053763440860215)	(48.0, 2.0698924731182795)	(49.0, 2.693548387096774)	(50.0, 4.0)	(51.0, 7.607526881720431)	(52.0, 9.795698924731184)	(53.0, 9.059139784946236)	(54.0, 9.774193548387098)	(55.0, 10.080645161290322)	(56.0, 8.725806451612904)	(57.0, 7.263440860215054)	(58.0, 6.854838709677419)	(59.0, 4.553763440860215)	(60.0, 1.4623655913978495)	(61.0, 0.6720430107526881)	(62.0, 0.6720430107526881)	(63.0, 0.4731182795698925)	(64.0, 0.3172043010752688)	(65.0, 0.27956989247311825)	(66.0, 0.0913978494623656)	(67.0, 0.11290322580645162)	(68.0, 0.456989247311828)	(69.0, 0.41397849462365593)	(70.0, 0.05913978494623656)	(71.0, 0.010752688172043012)	(72.0, 0.005376344086021506)	(73.0, 0.0)	(74.0, 0.0)	(75.0, 0.0)	(76.0, 0.0)	(77.0, 0.0)	(78.0, 0.0)	(79.0, 0.0)	(80.0, 0.0)	(81.0, 0.0)	(82.0, 0.0)	(83.0, 0.0)	(84.0, 0.0)	(85.0, 0.0)	(86.0, 0.0)	(87.0, 0.0)	(88.0, 0.0)	(89.0, 0.0)	(90.0, 0.0)	(91.0, 0.0)	(92.0, 0.0)	(93.0, 0.0)	(94.0, 0.0)	(95.0, 0.0)	(96.0, 0.0)	(97.0, 0.0)	(98.0, 0.0)	(99.0, 0.0)	(100.0, 0.0)
L3S242	(0.0, 0.0)	(1.0, 0.0)	(2.0, 0.0)	(3.0, 0.0)	(4.0, 0.0)	(5.0, 0.0)	(6.0, 0.0)	(7.0, 0.0)	(8.0, 0.0)	(9.0, 0.0)	(10.0, 0.0)	(11.0, 0.0)	(12.0, 0.0)	(13.0, 0.0)	(14.0, 0.0)	(15.0, 0.0)	(16.0, 0.0)	(17.0, 0.0)	(18.0, 0.0)	(19.0, 0.0)	(20.0, 0.0)	(21.0, 0.0)	(22.0, 0.0)	(23.0, 0.0)	(24.0, 0.0)	(25.0, 0.0)	(26.0, 0.0)	(27.0, 0.0)	(28.0, 0.0)	(29.0, 0.0)	(30.0, 0.0)	(31.0, 0.0)	(32.0, 0.0)	(33.0, 0.0)	(34.0, 0.0)	(35.0, 0.0)	(36.0, 0.0)	(37.0, 0.0)	(38.0, 0.0)	(39.0, 0.0)	(40.0, 0.0)	(41.0, 0.0)	(42.0, 0.024330900243309004)	(43.0, 0.43795620437956206)	(44.0, 10.754257907542579)	(45.0, 18.905109489051096)	(46.0, 10.389294403892944)	(47.0, 2.4817518248175183)	(48.0, 1.9708029197080292)	(49.0, 1.5815085158150852)	(50.0, 0.43795620437956206)	(51.0, 0.7299270072992701)	(52.0, 1.5815085158150852)	(53.0, 2.3844282238442824)	(54.0, 5.425790754257907)	(55.0, 6.0583941605839415)	(56.0, 2.67639902676399)	(57.0, 2.5304136253041363)	(58.0, 13.065693430656935)	(59.0, 14.111922141119221)	(60.0, 3.5036496350364965)	(61.0, 0.7299270072992701)	(62.0, 0.145985401459854)	(63.0, 0.04866180048661801)	(64.0, 0.024330900243309004)	(65.0, 0.0)	(66.0, 0.0)	(67.0, 0.0)	(68.0, 0.0)	(69.0, 0.0)	(70.0, 0.0)	(71.0, 0.0)	(72.0, 0.0)	(73.0, 0.0)	(74.0, 0.0)	(75.0, 0.0)	(76.0, 0.0)	(77.0, 0.0)	(78.0, 0.0)	(79.0, 0.0)	(80.0, 0.0)	(81.0, 0.0)	(82.0, 0.0)	(83.0, 0.0)	(84.0, 0.0)	(85.0, 0.0)	(86.0, 0.0)	(87.0, 0.0)	(88.0, 0.0)	(89.0, 0.0)	(90.0, 0.0)	(91.0, 0.0)	(92.0, 0.0)	(93.0, 0.0)	(94.0, 0.0)	(95.0, 0.0)	(96.0, 0.0)	(97.0, 0.0)	(98.0, 0.0)	(99.0, 0.0)	(100.0, 0.0)
L3S294	(0.0, 0.0)	(1.0, 0.0)	(2.0, 0.0)	(3.0, 0.0)	(4.0, 0.0)	(5.0, 0.0)	(6.0, 0.0)	(7.0, 0.0)	(8.0, 0.0)	(9.0, 0.0)	(10.0, 0.0)	(11.0, 0.0)	(12.0, 0.0)	(13.0, 0.0)	(14.0, 0.0)	(15.0, 0.0)	(16.0, 0.0)	(17.0, 0.0)	(18.0, 0.0)	(19.0, 0.0)	(20.0, 0.0)	(21.0, 0.0)	(22.0, 0.0)	(23.0, 0.0)	(24.0, 0.0)	(25.0, 0.0)	(26.0, 0.0)	(27.0, 0.0)	(28.0, 0.0)	(29.0, 0.02157962883038412)	(30.0, 0.02157962883038412)	(31.0, 0.0)	(32.0, 0.0)	(33.0, 0.0)	(34.0, 0.02157962883038412)	(35.0, 0.02157962883038412)	(36.0, 0.0)	(37.0, 0.0)	(38.0, 0.0)	(39.0, 0.0)	(40.0, 0.02157962883038412)	(41.0, 0.10789814415192059)	(42.0, 0.1294777729823047)	(43.0, 0.08631851532153648)	(44.0, 0.10789814415192059)	(45.0, 0.3452740612861459)	(46.0, 0.9926629261976695)	(47.0, 2.1148036253776437)	(48.0, 2.2658610271903323)	(49.0, 2.416918429003021)	(50.0, 8.200258955545966)	(51.0, 10.509279240397065)	(52.0, 10.315062580923607)	(53.0, 11.178247734138973)	(54.0, 9.02028485110056)	(55.0, 12.775140267587398)	(56.0, 13.530427276650842)	(57.0, 7.423392317652136)	(58.0, 4.380664652567976)	(59.0, 2.546396201985326)	(60.0, 0.8416055243849805)	(61.0, 0.38843331894691413)	(62.0, 0.10789814415192059)	(63.0, 0.02157962883038412)	(64.0, 0.02157962883038412)	(65.0, 0.02157962883038412)	(66.0, 0.0)	(67.0, 0.0)	(68.0, 0.02157962883038412)	(69.0, 0.02157962883038412)	(70.0, 0.0)	(71.0, 0.0)	(72.0, 0.0)	(73.0, 0.0)	(74.0, 0.0)	(75.0, 0.0)	(76.0, 0.0)	(77.0, 0.0)	(78.0, 0.0)	(79.0, 0.0)	(80.0, 0.0)	(81.0, 0.0)	(82.0, 0.0)	(83.0, 0.0)	(84.0, 0.0)	(85.0, 0.0)	(86.0, 0.0)	(87.0, 0.0)	(88.0, 0.0)	(89.0, 0.0)	(90.0, 0.0)	(91.0, 0.0)	(92.0, 0.0)	(93.0, 0.0)	(94.0, 0.0)	(95.0, 0.0)	(96.0, 0.0)	(97.0, 0.0)	(98.0, 0.0)	(99.0, 0.0)	(100.0, 0.0)
L3S313	(0.0, 0.0)	(1.0, 0.0)	(2.0, 0.0)	(3.0, 0.0)	(4.0, 0.0)	(5.0, 0.0)	(6.0, 0.0)	(7.0, 0.0)	(8.0, 0.0)	(9.0, 0.0)	(10.0, 0.0)	(11.0, 0.0)	(12.0, 0.0)	(13.0, 0.0)	(14.0, 0.0)	(15.0, 0.0)	(16.0, 0.0)	(17.0, 0.0)	(18.0, 0.0)	(19.0, 0.0)	(20.0, 0.0)	(21.0, 0.0)	(22.0, 0.0)	(23.0, 0.0)	(24.0, 0.0)	(25.0, 0.0)	(26.0, 0.0)	(27.0, 0.0)	(28.0, 0.0)	(29.0, 0.0)	(30.0, 0.0)	(31.0, 0.0)	(32.0, 0.0)	(33.0, 0.0)	(34.0, 0.0)	(35.0, 0.0)	(36.0, 0.0)	(37.0, 0.0)	(38.0, 0.0)	(39.0, 0.0)	(40.0, 0.0)	(41.0, 0.025075225677031094)	(42.0, 0.05015045135406219)	(43.0, 0.07522567703109327)	(44.0, 0.3009027081243731)	(45.0, 0.4513540621865597)	(46.0, 0.9779338014042127)	(47.0, 2.156469408224674)	(48.0, 2.331995987963892)	(49.0, 1.629889669007021)	(50.0, 3.9368104312938814)	(51.0, 8.299899699097292)	(52.0, 9.152457372116348)	(53.0, 10.682046138415245)	(54.0, 12.086258776328988)	(55.0, 13.841524573721165)	(56.0, 12.788365095285858)	(57.0, 7.823470411233702)	(58.0, 6.770310932798395)	(59.0, 4.513540621865597)	(60.0, 1.328986960882648)	(61.0, 0.37612838515546637)	(62.0, 0.17552657973921765)	(63.0, 0.05015045135406219)	(64.0, 0.05015045135406219)	(65.0, 0.05015045135406219)	(66.0, 0.05015045135406219)	(67.0, 0.025075225677031094)	(68.0, 0.0)	(69.0, 0.0)	(70.0, 0.0)	(71.0, 0.0)	(72.0, 0.0)	(73.0, 0.0)	(74.0, 0.0)	(75.0, 0.0)	(76.0, 0.0)	(77.0, 0.0)	(78.0, 0.0)	(79.0, 0.0)	(80.0, 0.0)	(81.0, 0.0)	(82.0, 0.0)	(83.0, 0.0)	(84.0, 0.0)	(85.0, 0.0)	(86.0, 0.0)	(87.0, 0.0)	(88.0, 0.0)	(89.0, 0.0)	(90.0, 0.0)	(91.0, 0.0)	(92.0, 0.0)	(93.0, 0.0)	(94.0, 0.0)	(95.0, 0.0)	(96.0, 0.0)	(97.0, 0.0)	(98.0, 0.0)	(99.0, 0.0)	(100.0, 0.0)
L3S341	(0.0, 0.0)	(1.0, 0.0)	(2.0, 0.0)	(3.0, 0.0)	(4.0, 0.0)	(5.0, 0.0)	(6.0, 0.0)	(7.0, 0.0)	(8.0, 0.0)	(9.0, 0.0)	(10.0, 0.0)	(11.0, 0.0)	(12.0, 0.0)	(13.0, 0.0)	(14.0, 0.0)	(15.0, 0.0)	(16.0, 0.0)	(17.0, 0.0)	(18.0, 0.0)	(19.0, 0.0)	(20.0, 0.0)	(21.0, 0.0)	(22.0, 0.0)	(23.0, 0.0)	(24.0, 0.0)	(25.0, 0.0)	(26.0, 0.0)	(27.0, 0.0)	(28.0, 0.0)	(29.0, 0.0)	(30.0, 0.026983270372369132)	(31.0, 0.026983270372369132)	(32.0, 0.0)	(33.0, 0.0)	(34.0, 0.0)	(35.0, 0.0)	(36.0, 0.0)	(37.0, 0.0)	(38.0, 0.026983270372369132)	(39.0, 0.026983270372369132)	(40.0, 0.0)	(41.0, 0.026983270372369132)	(42.0, 0.026983270372369132)	(43.0, 0.026983270372369132)	(44.0, 0.37776578521316784)	(45.0, 0.7555315704263357)	(46.0, 0.9983810037776578)	(47.0, 1.1063140852671345)	(48.0, 1.6999460334592553)	(49.0, 3.858607663248786)	(50.0, 3.696708041014571)	(51.0, 6.206152185644901)	(52.0, 16.83756071235834)	(53.0, 19.670804101457094)	(54.0, 12.924986508364814)	(55.0, 7.717215326497572)	(56.0, 6.691851052347545)	(57.0, 6.799784133837021)	(58.0, 4.695089044792229)	(59.0, 3.0221262817053427)	(60.0, 1.6999460334592553)	(61.0, 0.5396654074473827)	(62.0, 0.16189962223421478)	(63.0, 0.10793308148947653)	(64.0, 0.053966540744738264)	(65.0, 0.026983270372369132)	(66.0, 0.026983270372369132)	(67.0, 0.026983270372369132)	(68.0, 0.053966540744738264)	(69.0, 0.053966540744738264)	(70.0, 0.0)	(71.0, 0.0)	(72.0, 0.0)	(73.0, 0.0)	(74.0, 0.0)	(75.0, 0.0)	(76.0, 0.0)	(77.0, 0.0)	(78.0, 0.0)	(79.0, 0.0)	(80.0, 0.0)	(81.0, 0.0)	(82.0, 0.0)	(83.0, 0.0)	(84.0, 0.0)	(85.0, 0.0)	(86.0, 0.0)	(87.0, 0.0)	(88.0, 0.0)	(89.0, 0.0)	(90.0, 0.0)	(91.0, 0.0)	(92.0, 0.0)	(93.0, 0.0)	(94.0, 0.0)	(95.0, 0.0)	(96.0, 0.0)	(97.0, 0.0)	(98.0, 0.0)	(99.0, 0.0)	(100.0, 0.0)
L3S360	(0.0, 0.0)	(1.0, 0.0)	(2.0, 0.0)	(3.0, 0.0)	(4.0, 0.0)	(5.0, 0.0)	(6.0, 0.0)	(7.0, 0.0)	(8.0, 0.0)	(9.0, 0.0)	(10.0, 0.0)	(11.0, 0.0)	(12.0, 0.0)	(13.0, 0.0)	(14.0, 0.0)	(15.0, 0.0)	(16.0, 0.0)	(17.0, 0.0)	(18.0, 0.0)	(19.0, 0.0)	(20.0, 0.0)	(21.0, 0.0)	(22.0, 0.0)	(23.0, 0.0)	(24.0, 0.0)	(25.0, 0.0)	(26.0, 0.0)	(27.0, 0.0)	(28.0, 0.0)	(29.0, 0.0)	(30.0, 0.0)	(31.0, 0.0)	(32.0, 0.0)	(33.0, 0.0)	(34.0, 0.04798464491362764)	(35.0, 0.04798464491362764)	(36.0, 0.09596928982725528)	(37.0, 0.09596928982725528)	(38.0, 0.0)	(39.0, 0.0)	(40.0, 0.02399232245681382)	(41.0, 0.09596928982725528)	(42.0, 0.07197696737044146)	(43.0, 0.02399232245681382)	(44.0, 0.23992322456813817)	(45.0, 0.4078694817658349)	(46.0, 0.8877159309021113)	(47.0, 1.5595009596928981)	(48.0, 2.2552783109404992)	(49.0, 2.5191938579654507)	(50.0, 3.45489443378119)	(51.0, 6.429942418426103)	(52.0, 12.092130518234164)	(53.0, 17.370441458733204)	(54.0, 14.611324376199617)	(55.0, 11.132437619961612)	(56.0, 9.500959692898272)	(57.0, 6.501919385796545)	(58.0, 4.438579654510557)	(59.0, 2.663147792706334)	(60.0, 1.6074856046065258)	(61.0, 0.6957773512476008)	(62.0, 0.45585412667946257)	(63.0, 0.263915547024952)	(64.0, 0.02399232245681382)	(65.0, 0.14395393474088292)	(66.0, 0.14395393474088292)	(67.0, 0.04798464491362764)	(68.0, 0.04798464491362764)	(69.0, 0.0)	(70.0, 0.0)	(71.0, 0.0)	(72.0, 0.0)	(73.0, 0.0)	(74.0, 0.0)	(75.0, 0.0)	(76.0, 0.0)	(77.0, 0.0)	(78.0, 0.0)	(79.0, 0.0)	(80.0, 0.0)	(81.0, 0.0)	(82.0, 0.0)	(83.0, 0.0)	(84.0, 0.0)	(85.0, 0.0)	(86.0, 0.0)	(87.0, 0.0)	(88.0, 0.0)	(89.0, 0.0)	(90.0, 0.0)	(91.0, 0.0)	(92.0, 0.0)	(93.0, 0.0)	(94.0, 0.0)	(95.0, 0.0)	(96.0, 0.0)	(97.0, 0.0)	(98.0, 0.0)	(99.0, 0.0)	(100.0, 0.0)
L3S378	(0.0, 0.0)	(1.0, 0.0)	(2.0, 0.0)	(3.0, 0.0)	(4.0, 0.0)	(5.0, 0.0)	(6.0, 0.0)	(7.0, 0.0)	(8.0, 0.0)	(9.0, 0.0)	(10.0, 0.0)	(11.0, 0.0)	(12.0, 0.0)	(13.0, 0.0)	(14.0, 0.0)	(15.0, 0.0)	(16.0, 0.0)	(17.0, 0.0)	(18.0, 0.0)	(19.0, 0.0)	(20.0, 0.0)	(21.0, 0.0)	(22.0, 0.0)	(23.0, 0.0)	(24.0, 0.0)	(25.0, 0.0)	(26.0, 0.0)	(27.0, 0.0)	(28.0, 0.0)	(29.0, 0.0)	(30.0, 0.0)	(31.0, 0.0)	(32.0, 0.0)	(33.0, 0.0)	(34.0, 0.0)	(35.0, 0.0)	(36.0, 0.0)	(37.0, 0.0)	(38.0, 0.0)	(39.0, 0.0)	(40.0, 0.0)	(41.0, 0.0)	(42.0, 0.046598322460391424)	(43.0, 0.48928238583411)	(44.0, 11.90587138863001)	(45.0, 19.12861136999068)	(46.0, 11.812674743709227)	(47.0, 7.036346691519105)	(48.0, 7.33923578751165)	(49.0, 5.661696178937558)	(50.0, 2.7958993476234855)	(51.0, 5.05591798695247)	(52.0, 4.426840633737186)	(53.0, 1.9804287045666356)	(54.0, 4.100652376514446)	(55.0, 5.172413793103448)	(56.0, 4.40354147250699)	(57.0, 3.8443616029822927)	(58.0, 2.3299161230195713)	(59.0, 1.2581547064305685)	(60.0, 0.7455731593662628)	(61.0, 0.32618825722274)	(62.0, 0.06989748369058714)	(63.0, 0.023299161230195712)	(64.0, 0.0)	(65.0, 0.0)	(66.0, 0.0)	(67.0, 0.0)	(68.0, 0.0)	(69.0, 0.023299161230195712)	(70.0, 0.023299161230195712)	(71.0, 0.0)	(72.0, 0.0)	(73.0, 0.0)	(74.0, 0.0)	(75.0, 0.0)	(76.0, 0.0)	(77.0, 0.0)	(78.0, 0.0)	(79.0, 0.0)	(80.0, 0.0)	(81.0, 0.0)	(82.0, 0.0)	(83.0, 0.0)	(84.0, 0.0)	(85.0, 0.0)	(86.0, 0.0)	(87.0, 0.0)	(88.0, 0.0)	(89.0, 0.0)	(90.0, 0.0)	(91.0, 0.0)	(92.0, 0.0)	(93.0, 0.0)	(94.0, 0.0)	(95.0, 0.0)	(96.0, 0.0)	(97.0, 0.0)	(98.0, 0.0)	(99.0, 0.0)	(100.0, 0.0)
L4S112	(0.0, 0.0)	(1.0, 0.0)	(2.0, 0.0)	(3.0, 0.0)	(4.0, 0.0)	(5.0, 0.0)	(6.0, 0.0)	(7.0, 0.0)	(8.0, 0.0)	(9.0, 0.0)	(10.0, 0.0)	(11.0, 0.0)	(12.0, 0.0)	(13.0, 0.0)	(14.0, 0.0)	(15.0, 0.0)	(16.0, 0.0)	(17.0, 0.0)	(18.0, 0.0)	(19.0, 0.0)	(20.0, 0.0)	(21.0, 0.0)	(22.0, 0.0)	(23.0, 0.0)	(24.0, 0.0)	(25.0, 0.0)	(26.0, 0.0)	(27.0, 0.0)	(28.0, 0.0)	(29.0, 0.003074085459575776)	(30.0, 0.006148170919151552)	(31.0, 0.009222256378727329)	(32.0, 0.009222256378727329)	(33.0, 0.003074085459575776)	(34.0, 0.003074085459575776)	(35.0, 0.01537042729787888)	(36.0, 0.027666769136181987)	(37.0, 0.018444512757454658)	(38.0, 0.003074085459575776)	(39.0, 0.003074085459575776)	(40.0, 0.006148170919151552)	(41.0, 0.04918536735321242)	(42.0, 0.07070396557024286)	(43.0, 0.04611128189363664)	(44.0, 0.3074085459575776)	(45.0, 0.5195204426683061)	(46.0, 0.6793728865662465)	(47.0, 1.4509683369197663)	(48.0, 1.5770058407623733)	(49.0, 1.3280049185367353)	(50.0, 2.7236397171841378)	(51.0, 8.33384568090993)	(52.0, 11.912081155856132)	(53.0, 15.948355364279127)	(54.0, 18.08484475868429)	(55.0, 11.945896095911467)	(56.0, 7.1656932062711345)	(57.0, 6.381801414079312)	(58.0, 6.006762988011067)	(59.0, 3.286197356286505)	(60.0, 1.0236704580387335)	(61.0, 0.3688902551490931)	(62.0, 0.2182600676298801)	(63.0, 0.1567783584383646)	(64.0, 0.08607439286812173)	(65.0, 0.07992622194897019)	(66.0, 0.052259452812788196)	(67.0, 0.03074085459575776)	(68.0, 0.018444512757454658)	(69.0, 0.01537042729787888)	(70.0, 0.018444512757454658)	(71.0, 0.006148170919151552)	(72.0, 0.0)	(73.0, 0.0)	(74.0, 0.0)	(75.0, 0.0)	(76.0, 0.0)	(77.0, 0.0)	(78.0, 0.0)	(79.0, 0.0)	(80.0, 0.0)	(81.0, 0.0)	(82.0, 0.0)	(83.0, 0.0)	(84.0, 0.0)	(85.0, 0.0)	(86.0, 0.0)	(87.0, 0.0)	(88.0, 0.0)	(89.0, 0.0)	(90.0, 0.0)	(91.0, 0.0)	(92.0, 0.0)	(93.0, 0.0)	(94.0, 0.0)	(95.0, 0.0)	(96.0, 0.0)	(97.0, 0.0)	(98.0, 0.0)	(99.0, 0.0)	(100.0, 0.0)
L4S137	(0.0, 0.0)	(1.0, 0.0)	(2.0, 0.0)	(3.0, 0.0)	(4.0, 0.0)	(5.0, 0.0)	(6.0, 0.0)	(7.0, 0.0)	(8.0, 0.0)	(9.0, 0.0)	(10.0, 0.0)	(11.0, 0.0)	(12.0, 0.0)	(13.0, 0.0)	(14.0, 0.0)	(15.0, 0.0)	(16.0, 0.0)	(17.0, 0.0)	(18.0, 0.0)	(19.0, 0.0)	(20.0, 0.0)	(21.0, 0.0)	(22.0, 0.0)	(23.0, 0.0)	(24.0, 0.0)	(25.0, 0.0)	(26.0, 0.0)	(27.0, 0.0)	(28.0, 0.0)	(29.0, 0.0)	(30.0, 0.0)	(31.0, 0.0)	(32.0, 0.0)	(33.0, 0.0026614148081119922)	(34.0, 0.0026614148081119922)	(35.0, 0.0)	(36.0, 0.0026614148081119922)	(37.0, 0.0026614148081119922)	(38.0, 0.0)	(39.0, 0.0)	(40.0, 0.0)	(41.0, 0.0053228296162239844)	(42.0, 0.010645659232447969)	(43.0, 0.1357321552137116)	(44.0, 0.5189758875818384)	(45.0, 0.9740778197689892)	(46.0, 1.788470751051259)	(47.0, 1.753872358545803)	(48.0, 1.2508649598126365)	(49.0, 2.11050194283281)	(50.0, 3.5849257465268534)	(51.0, 10.677596210145312)	(52.0, 10.906477883642944)	(53.0, 6.594985894501517)	(54.0, 10.906477883642944)	(55.0, 14.408899771118328)	(56.0, 11.867248629371375)	(57.0, 8.846542822164261)	(58.0, 7.209772715175387)	(59.0, 3.465162080161814)	(60.0, 1.1337627082557087)	(61.0, 0.37525948794379094)	(62.0, 0.29807845850854314)	(63.0, 0.1729919625272795)	(64.0, 0.22355884388140737)	(65.0, 0.24751157715441527)	(66.0, 0.08516527385958375)	(67.0, 0.05056688135412785)	(68.0, 0.19162186618406346)	(69.0, 0.1729919625272795)	(70.0, 0.015968488848671955)	(71.0, 0.0026614148081119922)	(72.0, 0.0026614148081119922)	(73.0, 0.0)	(74.0, 0.0)	(75.0, 0.0)	(76.0, 0.0)	(77.0, 0.0)	(78.0, 0.0)	(79.0, 0.0)	(80.0, 0.0)	(81.0, 0.0)	(82.0, 0.0)	(83.0, 0.0)	(84.0, 0.0)	(85.0, 0.0)	(86.0, 0.0)	(87.0, 0.0)	(88.0, 0.0)	(89.0, 0.0)	(90.0, 0.0)	(91.0, 0.0)	(92.0, 0.0)	(93.0, 0.0)	(94.0, 0.0)	(95.0, 0.0)	(96.0, 0.0)	(97.0, 0.0)	(98.0, 0.0)	(99.0, 0.0)	(100.0, 0.0)
L4S63	(0.0, 0.0)	(1.0, 0.0)	(2.0, 0.0)	(3.0, 0.0)	(4.0, 0.0)	(5.0, 0.0)	(6.0, 0.0)	(7.0, 0.0)	(8.0, 0.0)	(9.0, 0.0)	(10.0, 0.0)	(11.0, 0.0)	(12.0, 0.0)	(13.0, 0.0)	(14.0, 0.0)	(15.0, 0.0)	(16.0, 0.0)	(17.0, 0.0)	(18.0, 0.0)	(19.0, 0.0)	(20.0, 0.0)	(21.0, 0.0)	(22.0, 0.0)	(23.0, 0.0)	(24.0, 0.0)	(25.0, 0.0)	(26.0, 0.0)	(27.0, 0.0)	(28.0, 0.005825129609133803)	(29.0, 0.02038795363196831)	(30.0, 0.02038795363196831)	(31.0, 0.011650259218267607)	(32.0, 0.03203821285023592)	(33.0, 0.026213083241102116)	(34.0, 0.014562824022834507)	(35.0, 0.026213083241102116)	(36.0, 0.04077590726393662)	(37.0, 0.03786334245936972)	(38.0, 0.011650259218267607)	(39.0, 0.01747538882740141)	(40.0, 0.04077590726393662)	(41.0, 0.1543659346420458)	(42.0, 0.13689054581464438)	(43.0, 0.05242616648220423)	(44.0, 0.23009261956078525)	(45.0, 0.43688472068503525)	(46.0, 1.031047940816683)	(47.0, 2.0184074095648628)	(48.0, 2.9183899341760355)	(49.0, 2.5950952408691093)	(50.0, 5.309605638725462)	(51.0, 8.819246228228577)	(52.0, 7.537717714219141)	(53.0, 13.971573367507428)	(54.0, 16.333663424011185)	(55.0, 9.148366051144638)	(56.0, 6.77753830022718)	(57.0, 7.502766936564338)	(58.0, 7.0513193918564685)	(59.0, 3.9232247917516165)	(60.0, 1.7621017067629756)	(61.0, 0.7427040251645599)	(62.0, 0.43105959107590147)	(63.0, 0.24465544358361976)	(64.0, 0.12815285140094368)	(65.0, 0.13689054581464438)	(66.0, 0.11650259218267606)	(67.0, 0.07281412011417254)	(68.0, 0.04660103687307043)	(69.0, 0.03203821285023592)	(70.0, 0.02038795363196831)	(71.0, 0.008737694413700705)	(72.0, 0.0029125648045669017)	(73.0, 0.0)	(74.0, 0.0)	(75.0, 0.0)	(76.0, 0.0)	(77.0, 0.0)	(78.0, 0.0)	(79.0, 0.0)	(80.0, 0.0)	(81.0, 0.0)	(82.0, 0.0)	(83.0, 0.0)	(84.0, 0.0)	(85.0, 0.0)	(86.0, 0.0)	(87.0, 0.0)	(88.0, 0.0)	(89.0, 0.0)	(90.0, 0.0)	(91.0, 0.0)	(92.0, 0.0)	(93.0, 0.0)	(94.0, 0.0)	(95.0, 0.0)	(96.0, 0.0)	(97.0, 0.0)	(98.0, 0.0)	(99.0, 0.0)	(100.0, 0.0)
L5S104	(0.0, 0.0)	(1.0, 0.0)	(2.0, 0.0)	(3.0, 0.0)	(4.0, 0.0)	(5.0, 0.0)	(6.0, 0.0)	(7.0, 0.0)	(8.0, 0.0)	(9.0, 0.0)	(10.0, 0.0)	(11.0, 0.0)	(12.0, 0.0)	(13.0, 0.0)	(14.0, 0.0)	(15.0, 0.0)	(16.0, 0.0)	(17.0, 0.0)	(18.0, 0.0)	(19.0, 0.0)	(20.0, 0.0)	(21.0, 0.0)	(22.0, 0.0)	(23.0, 0.0)	(24.0, 0.0)	(25.0, 0.0)	(26.0, 0.0)	(27.0, 0.0)	(28.0, 0.0)	(29.0, 0.0)	(30.0, 0.0)	(31.0, 0.0)	(32.0, 0.0)	(33.0, 0.0)	(34.0, 0.0)	(35.0, 0.0)	(36.0, 0.0)	(37.0, 0.0)	(38.0, 0.0)	(39.0, 0.0)	(40.0, 0.0)	(41.0, 0.0)	(42.0, 0.05780346820809249)	(43.0, 0.0722543352601156)	(44.0, 0.4190751445086705)	(45.0, 2.7890173410404624)	(46.0, 5.491329479768786)	(47.0, 3.670520231213873)	(48.0, 2.008670520231214)	(49.0, 2.167630057803468)	(50.0, 4.234104046242774)	(51.0, 7.442196531791907)	(52.0, 5.332369942196532)	(53.0, 8.540462427745666)	(54.0, 13.75722543352601)	(55.0, 10.433526011560694)	(56.0, 13.75722543352601)	(57.0, 11.531791907514451)	(58.0, 3.786127167630058)	(59.0, 3.106936416184971)	(60.0, 1.1271676300578035)	(61.0, 0.2167630057803468)	(62.0, 0.014450867052023123)	(63.0, 0.014450867052023123)	(64.0, 0.014450867052023123)	(65.0, 0.014450867052023123)	(66.0, 0.0)	(67.0, 0.0)	(68.0, 0.0)	(69.0, 0.0)	(70.0, 0.0)	(71.0, 0.0)	(72.0, 0.0)	(73.0, 0.0)	(74.0, 0.0)	(75.0, 0.0)	(76.0, 0.0)	(77.0, 0.0)	(78.0, 0.0)	(79.0, 0.0)	(80.0, 0.0)	(81.0, 0.0)	(82.0, 0.0)	(83.0, 0.0)	(84.0, 0.0)	(85.0, 0.0)	(86.0, 0.0)	(87.0, 0.0)	(88.0, 0.0)	(89.0, 0.0)	(90.0, 0.0)	(91.0, 0.0)	(92.0, 0.0)	(93.0, 0.0)	(94.0, 0.0)	(95.0, 0.0)	(96.0, 0.0)	(97.0, 0.0)	(98.0, 0.0)	(99.0, 0.0)	(100.0, 0.0)
L5S155	(0.0, 0.0)	(1.0, 0.0)	(2.0, 0.0)	(3.0, 0.0)	(4.0, 0.0)	(5.0, 0.0)	(6.0, 0.0)	(7.0, 0.0)	(8.0, 0.0)	(9.0, 0.0)	(10.0, 0.0)	(11.0, 0.0)	(12.0, 0.0)	(13.0, 0.0)	(14.0, 0.0)	(15.0, 0.0)	(16.0, 0.0)	(17.0, 0.0)	(18.0, 0.0)	(19.0, 0.02007226013649137)	(20.0, 0.02007226013649137)	(21.0, 0.0)	(22.0, 0.0)	(23.0, 0.0)	(24.0, 0.0)	(25.0, 0.0)	(26.0, 0.0)	(27.0, 0.0)	(28.0, 0.0)	(29.0, 0.0)	(30.0, 0.0)	(31.0, 0.0)	(32.0, 0.0)	(33.0, 0.0)	(34.0, 0.0)	(35.0, 0.0)	(36.0, 0.0)	(37.0, 0.0)	(38.0, 0.0)	(39.0, 0.0)	(40.0, 0.0)	(41.0, 0.0)	(42.0, 0.04014452027298274)	(43.0, 0.10036130068245684)	(44.0, 0.10036130068245684)	(45.0, 1.0236852669610599)	(46.0, 3.7936571657968687)	(47.0, 3.2517061421116016)	(48.0, 1.0839020473705339)	(49.0, 1.0437575270975512)	(50.0, 4.235246888799679)	(51.0, 7.426736250501806)	(52.0, 6.30268968285829)	(53.0, 13.006824568446406)	(54.0, 14.853472501003612)	(55.0, 8.63107185869129)	(56.0, 15.636290646326776)	(57.0, 13.307908470493778)	(58.0, 3.1714171015656363)	(59.0, 2.0473705339221198)	(60.0, 0.7226013649136892)	(61.0, 0.12043356081894822)	(62.0, 0.04014452027298274)	(63.0, 0.02007226013649137)	(64.0, 0.0)	(65.0, 0.0)	(66.0, 0.0)	(67.0, 0.0)	(68.0, 0.0)	(69.0, 0.0)	(70.0, 0.0)	(71.0, 0.0)	(72.0, 0.0)	(73.0, 0.0)	(74.0, 0.0)	(75.0, 0.0)	(76.0, 0.0)	(77.0, 0.0)	(78.0, 0.0)	(79.0, 0.0)	(80.0, 0.0)	(81.0, 0.0)	(82.0, 0.0)	(83.0, 0.0)	(84.0, 0.0)	(85.0, 0.0)	(86.0, 0.0)	(87.0, 0.0)	(88.0, 0.0)	(89.0, 0.0)	(90.0, 0.0)	(91.0, 0.0)	(92.0, 0.0)	(93.0, 0.0)	(94.0, 0.0)	(95.0, 0.0)	(96.0, 0.0)	(97.0, 0.0)	(98.0, 0.0)	(99.0, 0.0)	(100.0, 0.0)
L5S174	(0.0, 0.0)	(1.0, 0.0)	(2.0, 0.0)	(3.0, 0.0)	(4.0, 0.0)	(5.0, 0.0)	(6.0, 0.0)	(7.0, 0.0)	(8.0, 0.0)	(9.0, 0.0)	(10.0, 0.0)	(11.0, 0.0)	(12.0, 0.0)	(13.0, 0.0)	(14.0, 0.0)	(15.0, 0.0)	(16.0, 0.0)	(17.0, 0.0)	(18.0, 0.0)	(19.0, 0.0)	(20.0, 0.0)	(21.0, 0.0)	(22.0, 0.0)	(23.0, 0.0)	(24.0, 0.0)	(25.0, 0.0)	(26.0, 0.0)	(27.0, 0.0)	(28.0, 0.0)	(29.0, 0.0)	(30.0, 0.0)	(31.0, 0.0)	(32.0, 0.0)	(33.0, 0.0)	(34.0, 0.0)	(35.0, 0.0)	(36.0, 0.0)	(37.0, 0.0)	(38.0, 0.0)	(39.0, 0.0)	(40.0, 0.0)	(41.0, 0.0)	(42.0, 0.07163323782234957)	(43.0, 0.10744985673352436)	(44.0, 0.2328080229226361)	(45.0, 2.4355300859598854)	(46.0, 15.562320916905446)	(47.0, 15.347421203438397)	(48.0, 3.169770773638968)	(49.0, 2.3997134670487106)	(50.0, 3.9935530085959887)	(51.0, 5.444126074498568)	(52.0, 4.154727793696275)	(53.0, 3.7607449856733526)	(54.0, 5.050143266475645)	(55.0, 9.921203438395414)	(56.0, 13.001432664756447)	(57.0, 7.4498567335243555)	(58.0, 3.151862464183381)	(59.0, 2.9548710601719197)	(60.0, 1.6117478510028653)	(61.0, 0.17908309455587393)	(62.0, 0.0)	(63.0, 0.0)	(64.0, 0.0)	(65.0, 0.0)	(66.0, 0.0)	(67.0, 0.0)	(68.0, 0.0)	(69.0, 0.0)	(70.0, 0.0)	(71.0, 0.0)	(72.0, 0.0)	(73.0, 0.0)	(74.0, 0.0)	(75.0, 0.0)	(76.0, 0.0)	(77.0, 0.0)	(78.0, 0.0)	(79.0, 0.0)	(80.0, 0.0)	(81.0, 0.0)	(82.0, 0.0)	(83.0, 0.0)	(84.0, 0.0)	(85.0, 0.0)	(86.0, 0.0)	(87.0, 0.0)	(88.0, 0.0)	(89.0, 0.0)	(90.0, 0.0)	(91.0, 0.0)	(92.0, 0.0)	(93.0, 0.0)	(94.0, 0.0)	(95.0, 0.0)	(96.0, 0.0)	(97.0, 0.0)	(98.0, 0.0)	(99.0, 0.0)	(100.0, 0.0)
L5S203	(0.0, 0.0)	(1.0, 0.0)	(2.0, 0.0)	(3.0, 0.0)	(4.0, 0.0)	(5.0, 0.0)	(6.0, 0.0)	(7.0, 0.0)	(8.0, 0.0)	(9.0, 0.0)	(10.0, 0.0)	(11.0, 0.0)	(12.0, 0.0)	(13.0, 0.0)	(14.0, 0.0)	(15.0, 0.0)	(16.0, 0.0)	(17.0, 0.0)	(18.0, 0.0)	(19.0, 0.0)	(20.0, 0.0)	(21.0, 0.0)	(22.0, 0.0)	(23.0, 0.0)	(24.0, 0.0)	(25.0, 0.0)	(26.0, 0.0)	(27.0, 0.0)	(28.0, 0.0)	(29.0, 0.0)	(30.0, 0.0)	(31.0, 0.0)	(32.0, 0.0)	(33.0, 0.0)	(34.0, 0.0)	(35.0, 0.0)	(36.0, 0.0)	(37.0, 0.0)	(38.0, 0.0)	(39.0, 0.0)	(40.0, 0.0)	(41.0, 0.0)	(42.0, 0.0)	(43.0, 0.03292723081988805)	(44.0, 0.29634507737899246)	(45.0, 3.3421139282186365)	(46.0, 6.091537701679289)	(47.0, 3.621995390187685)	(48.0, 1.9097793875535067)	(49.0, 2.667105696410932)	(50.0, 5.3836022390516955)	(51.0, 8.659861705630556)	(52.0, 6.99703654922621)	(53.0, 10.437932169904512)	(54.0, 12.742838327296674)	(55.0, 9.0879157062891)	(56.0, 11.787948633519921)	(57.0, 9.022061244649326)	(58.0, 3.457359236088245)	(59.0, 2.9469871583799803)	(60.0, 1.333552848205466)	(61.0, 0.18109976950938428)	(62.0, 0.0)	(63.0, 0.0)	(64.0, 0.0)	(65.0, 0.0)	(66.0, 0.0)	(67.0, 0.0)	(68.0, 0.0)	(69.0, 0.0)	(70.0, 0.0)	(71.0, 0.0)	(72.0, 0.0)	(73.0, 0.0)	(74.0, 0.0)	(75.0, 0.0)	(76.0, 0.0)	(77.0, 0.0)	(78.0, 0.0)	(79.0, 0.0)	(80.0, 0.0)	(81.0, 0.0)	(82.0, 0.0)	(83.0, 0.0)	(84.0, 0.0)	(85.0, 0.0)	(86.0, 0.0)	(87.0, 0.0)	(88.0, 0.0)	(89.0, 0.0)	(90.0, 0.0)	(91.0, 0.0)	(92.0, 0.0)	(93.0, 0.0)	(94.0, 0.0)	(95.0, 0.0)	(96.0, 0.0)	(97.0, 0.0)	(98.0, 0.0)	(99.0, 0.0)	(100.0, 0.0)
L5S222	(0.0, 0.0)	(1.0, 0.0)	(2.0, 0.0)	(3.0, 0.0)	(4.0, 0.0)	(5.0, 0.0)	(6.0, 0.0)	(7.0, 0.0)	(8.0, 0.0)	(9.0, 0.0)	(10.0, 0.0)	(11.0, 0.0)	(12.0, 0.029498525073746312)	(13.0, 0.029498525073746312)	(14.0, 0.0)	(15.0, 0.0)	(16.0, 0.0)	(17.0, 0.0)	(18.0, 0.0)	(19.0, 0.0)	(20.0, 0.0)	(21.0, 0.0)	(22.0, 0.0)	(23.0, 0.0)	(24.0, 0.0)	(25.0, 0.0)	(26.0, 0.0)	(27.0, 0.0)	(28.0, 0.0)	(29.0, 0.0)	(30.0, 0.0)	(31.0, 0.0)	(32.0, 0.0)	(33.0, 0.0)	(34.0, 0.0)	(35.0, 0.0)	(36.0, 0.0)	(37.0, 0.0)	(38.0, 0.0)	(39.0, 0.014749262536873156)	(40.0, 0.014749262536873156)	(41.0, 0.0)	(42.0, 0.17699115044247787)	(43.0, 0.28023598820059)	(44.0, 0.41297935103244837)	(45.0, 7.389380530973451)	(46.0, 14.424778761061946)	(47.0, 8.333333333333332)	(48.0, 3.303834808259587)	(49.0, 3.185840707964602)	(50.0, 3.687315634218289)	(51.0, 5.752212389380531)	(52.0, 3.7463126843657815)	(53.0, 8.377581120943953)	(54.0, 10.501474926253687)	(55.0, 7.109144542772862)	(56.0, 11.091445427728614)	(57.0, 7.772861356932154)	(58.0, 1.8731563421828907)	(59.0, 1.592920353982301)	(60.0, 0.7227138643067846)	(61.0, 0.14749262536873156)	(62.0, 0.0)	(63.0, 0.014749262536873156)	(64.0, 0.014749262536873156)	(65.0, 0.0)	(66.0, 0.0)	(67.0, 0.0)	(68.0, 0.0)	(69.0, 0.0)	(70.0, 0.0)	(71.0, 0.0)	(72.0, 0.0)	(73.0, 0.0)	(74.0, 0.0)	(75.0, 0.0)	(76.0, 0.0)	(77.0, 0.0)	(78.0, 0.0)	(79.0, 0.0)	(80.0, 0.0)	(81.0, 0.0)	(82.0, 0.0)	(83.0, 0.0)	(84.0, 0.0)	(85.0, 0.0)	(86.0, 0.0)	(87.0, 0.0)	(88.0, 0.0)	(89.0, 0.0)	(90.0, 0.0)	(91.0, 0.0)	(92.0, 0.0)	(93.0, 0.0)	(94.0, 0.0)	(95.0, 0.0)	(96.0, 0.0)	(97.0, 0.0)	(98.0, 0.0)	(99.0, 0.0)	(100.0, 0.0)
L5S240	(0.0, 0.0)	(1.0, 0.0)	(2.0, 0.0)	(3.0, 0.0)	(4.0, 0.0)	(5.0, 0.0)	(6.0, 0.0)	(7.0, 0.0)	(8.0, 0.0)	(9.0, 0.0)	(10.0, 0.0)	(11.0, 0.0)	(12.0, 0.0)	(13.0, 0.0)	(14.0, 0.0)	(15.0, 0.0)	(16.0, 0.0)	(17.0, 0.0)	(18.0, 0.0)	(19.0, 0.0)	(20.0, 0.0)	(21.0, 0.0)	(22.0, 0.0)	(23.0, 0.0)	(24.0, 0.0)	(25.0, 0.0)	(26.0, 0.0)	(27.0, 0.0)	(28.0, 0.0)	(29.0, 0.0)	(30.0, 0.0)	(31.0, 0.0)	(32.0, 0.01876172607879925)	(33.0, 0.01876172607879925)	(34.0, 0.0)	(35.0, 0.0)	(36.0, 0.0)	(37.0, 0.0)	(38.0, 0.0)	(39.0, 0.0)	(40.0, 0.0)	(41.0, 0.0)	(42.0, 0.075046904315197)	(43.0, 0.13133208255159476)	(44.0, 0.20637898686679174)	(45.0, 3.1707317073170733)	(46.0, 4.6529080675422145)	(47.0, 2.3639774859287055)	(48.0, 5.328330206378987)	(49.0, 5.4596622889305815)	(50.0, 2.3639774859287055)	(51.0, 3.9587242026266414)	(52.0, 3.883677298311445)	(53.0, 4.090056285178236)	(54.0, 13.658536585365855)	(55.0, 15.347091932457785)	(56.0, 15.647279549718574)	(57.0, 12.94559099437148)	(58.0, 3.189493433395872)	(59.0, 2.345215759849906)	(60.0, 0.9380863039399625)	(61.0, 0.150093808630394)	(62.0, 0.0375234521575985)	(63.0, 0.01876172607879925)	(64.0, 0.0)	(65.0, 0.0)	(66.0, 0.0)	(67.0, 0.0)	(68.0, 0.0)	(69.0, 0.0)	(70.0, 0.0)	(71.0, 0.0)	(72.0, 0.0)	(73.0, 0.0)	(74.0, 0.0)	(75.0, 0.0)	(76.0, 0.0)	(77.0, 0.0)	(78.0, 0.0)	(79.0, 0.0)	(80.0, 0.0)	(81.0, 0.0)	(82.0, 0.0)	(83.0, 0.0)	(84.0, 0.0)	(85.0, 0.0)	(86.0, 0.0)	(87.0, 0.0)	(88.0, 0.0)	(89.0, 0.0)	(90.0, 0.0)	(91.0, 0.0)	(92.0, 0.0)	(93.0, 0.0)	(94.0, 0.0)	(95.0, 0.0)	(96.0, 0.0)	(97.0, 0.0)	(98.0, 0.0)	(99.0, 0.0)	(100.0, 0.0)
L6S20	(0.0, 0.0)	(1.0, 0.0)	(2.0, 0.0)	(3.0, 0.0)	(4.0, 0.0)	(5.0, 0.0)	(6.0, 0.0)	(7.0, 0.0)	(8.0, 0.0)	(9.0, 0.0)	(10.0, 0.0)	(11.0, 0.0)	(12.0, 0.0)	(13.0, 0.0)	(14.0, 0.0)	(15.0, 0.0)	(16.0, 0.0)	(17.0, 0.0)	(18.0, 0.0)	(19.0, 0.0)	(20.0, 0.0)	(21.0, 0.0)	(22.0, 0.0)	(23.0, 0.0)	(24.0, 0.0)	(25.0, 0.0)	(26.0, 0.0)	(27.0, 0.0)	(28.0, 0.0)	(29.0, 0.0)	(30.0, 0.0)	(31.0, 0.005115089514066497)	(32.0, 0.005115089514066497)	(33.0, 0.0)	(34.0, 0.0)	(35.0, 0.0)	(36.0, 0.0)	(37.0, 0.0)	(38.0, 0.0)	(39.0, 0.0)	(40.0, 0.0)	(41.0, 0.005115089514066497)	(42.0, 0.08184143222506395)	(43.0, 0.11253196930946291)	(44.0, 0.1687979539641944)	(45.0, 3.2838874680306906)	(46.0, 4.398976982097187)	(47.0, 1.60613810741688)	(48.0, 2.5626598465473145)	(49.0, 3.29923273657289)	(50.0, 1.8925831202046037)	(51.0, 2.2404092071611252)	(52.0, 2.516624040920716)	(53.0, 4.035805626598465)	(54.0, 22.823529411764707)	(55.0, 25.24296675191816)	(56.0, 11.514066496163682)	(57.0, 7.156010230179029)	(58.0, 2.3324808184143224)	(59.0, 2.7774936061381075)	(60.0, 1.6624040920716114)	(61.0, 0.22506393861892582)	(62.0, 0.030690537084398974)	(63.0, 0.0)	(64.0, 0.0)	(65.0, 0.0)	(66.0, 0.010230179028132993)	(67.0, 0.010230179028132993)	(68.0, 0.0)	(69.0, 0.0)	(70.0, 0.0)	(71.0, 0.0)	(72.0, 0.0)	(73.0, 0.0)	(74.0, 0.0)	(75.0, 0.0)	(76.0, 0.0)	(77.0, 0.0)	(78.0, 0.0)	(79.0, 0.0)	(80.0, 0.0)	(81.0, 0.0)	(82.0, 0.0)	(83.0, 0.0)	(84.0, 0.0)	(85.0, 0.0)	(86.0, 0.0)	(87.0, 0.0)	(88.0, 0.0)	(89.0, 0.0)	(90.0, 0.0)	(91.0, 0.0)	(92.0, 0.0)	(93.0, 0.0)	(94.0, 0.0)	(95.0, 0.0)	(96.0, 0.0)	(97.0, 0.0)	(98.0, 0.0)	(99.0, 0.0)	(100.0, 0.0)
L6S68	(0.0, 0.0)	(1.0, 0.0)	(2.0, 0.0)	(3.0, 0.0)	(4.0, 0.0)	(5.0, 0.0)	(6.0, 0.0)	(7.0, 0.0)	(8.0, 0.0)	(9.0, 0.0)	(10.0, 0.0)	(11.0, 0.0)	(12.0, 0.0)	(13.0, 0.0)	(14.0, 0.0)	(15.0, 0.0)	(16.0, 0.0)	(17.0, 0.0)	(18.0, 0.0)	(19.0, 0.0)	(20.0, 0.0)	(21.0, 0.0)	(22.0, 0.0)	(23.0, 0.0)	(24.0, 0.0)	(25.0, 0.0)	(26.0, 0.0)	(27.0, 0.0)	(28.0, 0.0)	(29.0, 0.0)	(30.0, 0.0)	(31.0, 0.0)	(32.0, 0.0)	(33.0, 0.0)	(34.0, 0.0)	(35.0, 0.0)	(36.0, 0.0)	(37.0, 0.0)	(38.0, 0.0)	(39.0, 0.0)	(40.0, 0.0)	(41.0, 0.0)	(42.0, 0.020933640360058615)	(43.0, 0.03663387063010257)	(44.0, 0.2512036843207034)	(45.0, 4.9612727653338915)	(46.0, 6.086455934687042)	(47.0, 1.8840276324052754)	(48.0, 4.291396273812016)	(49.0, 5.118275068034331)	(50.0, 2.8155746284278838)	(51.0, 4.919405484613774)	(52.0, 4.218128532551811)	(53.0, 1.9101946828553484)	(54.0, 15.129788570232364)	(55.0, 18.5001046682018)	(56.0, 12.952689972786269)	(57.0, 9.922545530667783)	(58.0, 3.2551810759891144)	(59.0, 2.616705045007327)	(60.0, 0.9577140464726815)	(61.0, 0.1256018421603517)	(62.0, 0.020933640360058615)	(63.0, 0.005233410090014654)	(64.0, 0.0)	(65.0, 0.0)	(66.0, 0.0)	(67.0, 0.0)	(68.0, 0.0)	(69.0, 0.0)	(70.0, 0.0)	(71.0, 0.0)	(72.0, 0.0)	(73.0, 0.0)	(74.0, 0.0)	(75.0, 0.0)	(76.0, 0.0)	(77.0, 0.0)	(78.0, 0.0)	(79.0, 0.0)	(80.0, 0.0)	(81.0, 0.0)	(82.0, 0.0)	(83.0, 0.0)	(84.0, 0.0)	(85.0, 0.0)	(86.0, 0.0)	(87.0, 0.0)	(88.0, 0.0)	(89.0, 0.0)	(90.0, 0.0)	(91.0, 0.0)	(92.0, 0.0)	(93.0, 0.0)	(94.0, 0.0)	(95.0, 0.0)	(96.0, 0.0)	(97.0, 0.0)	(98.0, 0.0)	(99.0, 0.0)	(100.0, 0.0)
L6S93	(0.0, 0.0)	(1.0, 0.0)	(2.0, 0.0)	(3.0, 0.0)	(4.0, 0.0)	(5.0, 0.0)	(6.0, 0.0)	(7.0, 0.0)	(8.0, 0.0)	(9.0, 0.0)	(10.0, 0.0)	(11.0, 0.0)	(12.0, 0.0)	(13.0, 0.0)	(14.0, 0.0)	(15.0, 0.0)	(16.0, 0.0)	(17.0, 0.0)	(18.0, 0.0)	(19.0, 0.0)	(20.0, 0.0)	(21.0, 0.0)	(22.0, 0.0)	(23.0, 0.0)	(24.0, 0.0)	(25.0, 0.0)	(26.0, 0.0)	(27.0, 0.0)	(28.0, 0.0)	(29.0, 0.0)	(30.0, 0.0)	(31.0, 0.0)	(32.0, 0.0)	(33.0, 0.0)	(34.0, 0.0044365572315882874)	(35.0, 0.0044365572315882874)	(36.0, 0.0)	(37.0, 0.0)	(38.0, 0.0044365572315882874)	(39.0, 0.0044365572315882874)	(40.0, 0.013309671694764862)	(41.0, 0.026619343389529725)	(42.0, 0.6033717834960071)	(43.0, 0.6699201419698314)	(44.0, 0.3682342502218279)	(45.0, 3.092280390417036)	(46.0, 7.928127772848271)	(47.0, 6.978704525288376)	(48.0, 7.9769299023957405)	(49.0, 13.744454303460515)	(50.0, 9.543034605146406)	(51.0, 4.849157054125998)	(52.0, 4.165927240461402)	(53.0, 2.1384205856255547)	(54.0, 9.92014196983141)	(55.0, 13.251996450754215)	(56.0, 7.941437444543034)	(57.0, 4.219165927240462)	(58.0, 0.9893522626441881)	(59.0, 0.9361135758651287)	(60.0, 0.5190771960958297)	(61.0, 0.062111801242236024)	(62.0, 0.022182786157941437)	(63.0, 0.022182786157941437)	(64.0, 0.0)	(65.0, 0.0)	(66.0, 0.0)	(67.0, 0.0)	(68.0, 0.0)	(69.0, 0.0)	(70.0, 0.0)	(71.0, 0.0)	(72.0, 0.0)	(73.0, 0.0)	(74.0, 0.0)	(75.0, 0.0)	(76.0, 0.0)	(77.0, 0.0)	(78.0, 0.0)	(79.0, 0.0)	(80.0, 0.0)	(81.0, 0.0)	(82.0, 0.0)	(83.0, 0.0)	(84.0, 0.0)	(85.0, 0.0)	(86.0, 0.0)	(87.0, 0.0)	(88.0, 0.0)	(89.0, 0.0)	(90.0, 0.0)	(91.0, 0.0)	(92.0, 0.0)	(93.0, 0.0)	(94.0, 0.0)	(95.0, 0.0)	(96.0, 0.0)	(97.0, 0.0)	(98.0, 0.0)	(99.0, 0.0)	(100.0, 0.0)
