Sample	0	1	2	3	4	5	6	7	8	9	10	11	12	13	14	15	16	17	18	19	20	21	22	23	24	25	26	27	28	29	30	31	32	33	34	35	36	37	38	39	40	41	42	43	44	45	46	47	48	49	50	51	52	53	54	55	56	57	58	59	60	61	62	63	64	65	66	67	68	69	70	71	72	73	74	75	76	77	78	79	80	81	82	83	84	85	86	87	88	89	90	91	92	93	94	95	96	97	98	99	100
L1S105	(0.0, 0.0)	(1.0, 0.0)	(2.0, 0.0)	(3.0, 0.0)	(4.0, 0.0)	(5.0, 0.0)	(6.0, 0.0)	(7.0, 0.0)	(8.0, 0.0)	(9.0, 0.0)	(10.0, 0.0)	(11.0, 0.0)	(12.0, 0.0)	(13.0, 0.0)	(14.0, 0.0)	(15.0, 0.0)	(16.0, 0.0)	(17.0, 0.0)	(18.0, 0.0)	(19.0, 0.0)	(20.0, 0.0)	(21.0, 0.0)	(22.0, 0.0)	(23.0, 0.0)	(24.0, 0.0)	(25.0, 0.0)	(26.0, 0.0)	(27.0, 0.0)	(28.0, 0.0)	(29.0, 0.0)	(30.0, 0.0)	(31.0, 0.0)	(32.0, 0.0)	(33.0, 0.0)	(34.0, 0.0)	(35.0, 0.0)	(36.0, 0.0)	(37.0, 0.5)	(38.0, 1.0)	(39.0, 1.0)	(40.0, 0.5)	(41.0, 0.5)	(42.0, 6.5)	(43.0, 82.0)	(44.0, 1157.0)	(45.0, 1663.0)	(46.0, 825.0)	(47.0, 456.5)	(48.0, 890.5)	(49.0, 798.0)	(50.0, 269.5)	(51.0, 269.5)	(52.0, 715.0)	(53.0, 741.5)	(54.0, 360.5)	(55.0, 370.5)	(56.0, 264.0)	(57.0, 286.0)	(58.0, 896.5)	(59.0, 924.0)	(60.0, 261.5)	(61.0, 75.0)	(62.0, 21.5)	(63.0, 1.5)	(64.0, 0.5)	(65.0, 0.0)	(66.0, 0.0)	(67.0, 0.5)	(68.0, 0.5)	(69.0, 0.0)	(70.0, 0.0)	(71.0, 0.0)	(72.0, 0.0)	(73.0, 0.0)	(74.0, 0.0)	(75.0, 0.0)	(76.0, 0.0)	(77.0, 0.0)	(78.0, 0.0)	(79.0, 0.0)	(80.0, 0.0)	(81.0, 0.0)	(82.0, 0.0)	(83.0, 0.0)	(84.0, 0.0)	(85.0, 0.0)	(86.0, 0.0)	(87.0, 0.0)	(88.0, 0.0)	(89.0, 0.0)	(90.0, 0.0)	(91.0, 0.0)	(92.0, 0.0)	(93.0, 0.0)	(94.0, 0.0)	(95.0, 0.0)	(96.0, 0.0)	(97.0, 0.0)	(98.0, 0.0)	(99.0, 0.0)	(100.0, 0.0)
L1S140	(0.0, 0.0)	(1.0, 0.0)	(2.0, 0.0)	(3.0, 0.0)	(4.0, 0.0)	(5.0, 0.0)	(6.0, 0.0)	(7.0, 0.0)	(8.0, 0.0)	(9.0, 0.0)	(10.0, 0.0)	(11.0, 0.0)	(12.0, 0.0)	(13.0, 0.0)	(14.0, 0.0)	(15.0, 0.0)	(16.0, 0.0)	(17.0, 0.0)	(18.0, 0.0)	(19.0, 0.0)	(20.0, 0.0)	(21.0, 0.0)	(22.0, 0.0)	(23.0, 0.0)	(24.0, 0.0)	(25.0, 0.0)	(26.0, 0.0)	(27.0, 0.0)	(28.0, 0.0)	(29.0, 0.0)	(30.0, 0.0)	(31.0, 0.0)	(32.0, 0.0)	(33.0, 0.0)	(34.0, 0.0)	(35.0, 0.0)	(36.0, 0.0)	(37.0, 0.0)	(38.0, 0.5)	(39.0, 1.0)	(40.0, 0.5)	(41.0, 0.5)	(42.0, 8.5)	(43.0, 87.5)	(44.0, 1267.0)	(45.0, 1994.0)	(46.0, 1254.5)	(47.0, 760.5)	(48.0, 728.5)	(49.0, 553.5)	(50.0, 468.0)	(51.0, 425.0)	(52.0, 145.5)	(53.0, 132.5)	(54.0, 391.5)	(55.0, 504.0)	(56.0, 392.0)	(57.0, 290.0)	(58.0, 164.0)	(59.0, 103.0)	(60.0, 42.5)	(61.0, 16.0)	(62.0, 5.0)	(63.0, 0.5)	(64.0, 0.0)	(65.0, 0.0)	(66.0, 0.0)	(67.0, 0.0)	(68.0, 0.0)	(69.0, 0.0)	(70.0, 0.0)	(71.0, 0.0)	(72.0, 0.0)	(73.0, 0.0)	(74.0, 0.0)	(75.0, 0.0)	(76.0, 0.0)	(77.0, 0.0)	(78.0, 0.0)	(79.0, 0.0)	(80.0, 0.0)	(81.0, 0.0)	(82.0, 0.0)	(83.0, 0.0)	(84.0, 0.0)	(85.0, 0.0)	(86.0, 0.0)	(87.0, 0.0)	(88.0, 0.0)	(89.0, 0.0)	(90.0, 0.0)	(91.0, 0.0)	(92.0, 0.0)	(93.0, 0.0)	(94.0, 0.0)	(95.0, 0.0)	(96.0, 0.0)	(97.0, 0.0)	(98.0, 0.0)	(99.0, 0.0)	(100.0, 0.0)
L1S208	(0.0, 0.0)	(1.0, 0.0)	(2.0, 0.0)	(3.0, 0.0)	(4.0, 0.0)	(5.0, 0.0)	(6.0, 0.0)	(7.0, 0.0)	(8.0, 0.0)	(9.0, 0.0)	(10.0, 0.0)	(11.0, 0.0)	(12.0, 0.0)	(13.0, 0.0)	(14.0, 0.0)	(15.0, 0.0)	(16.0, 0.0)	(17.0, 0.0)	(18.0, 0.0)	(19.0, 0.0)	(20.0, 0.0)	(21.0, 0.0)	(22.0, 0.0)	(23.0, 0.0)	(24.0, 0.0)	(25.0, 0.0)	(26.0, 0.0)	(27.0, 0.0)	(28.0, 0.0)	(29.0, 0.0)	(30.0, 0.0)	(31.0, 0.0)	(32.0, 0.5)	(33.0, 0.5)	(34.0, 0.0)	(35.0, 0.0)	(36.0, 0.0)	(37.0, 0.0)	(38.0, 0.0)	(39.0, 1.5)	(40.0, 2.0)	(41.0, 10.0)	(42.0, 22.5)	(43.0, 100.5)	(44.0, 1269.5)	(45.0, 1766.0)	(46.0, 1029.0)	(47.0, 968.0)	(48.0, 1142.5)	(49.0, 815.5)	(50.0, 404.0)	(51.0, 305.5)	(52.0, 347.5)	(53.0, 441.5)	(54.0, 413.5)	(55.0, 508.0)	(56.0, 515.5)	(57.0, 406.0)	(58.0, 392.0)	(59.0, 288.0)	(60.0, 119.5)	(61.0, 54.5)	(62.0, 9.0)	(63.0, 1.5)	(64.0, 0.0)	(65.0, 0.5)	(66.0, 0.5)	(67.0, 0.0)	(68.0, 0.0)	(69.0, 0.0)	(70.0, 0.0)	(71.0, 0.0)	(72.0, 0.0)	(73.0, 0.0)	(74.0, 0.0)	(75.0, 0.0)	(76.0, 0.0)	(77.0, 0.0)	(78.0, 0.0)	(79.0, 0.0)	(80.0, 0.0)	(81.0, 0.0)	(82.0, 0.0)	(83.0, 0.0)	(84.0, 0.0)	(85.0, 0.0)	(86.0, 0.0)	(87.0, 0.0)	(88.0, 0.0)	(89.0, 0.0)	(90.0, 0.0)	(91.0, 0.0)	(92.0, 0.0)	(93.0, 0.0)	(94.0, 0.0)	(95.0, 0.0)	(96.0, 0.0)	(97.0, 0.0)	(98.0, 0.0)	(99.0, 0.0)	(100.0, 0.0)
L1S257	(0.0, 0.0)	(1.0, 0.0)	(2.0, 0.0)	(3.0, 0.0)	(4.0, 0.0)	(5.0, 0.0)	(6.0, 0.0)	(7.0, 0.0)	(8.0, 0.0)	(9.0, 0.0)	(10.0, 0.0)	(11.0, 0.0)	(12.0, 0.0)	(13.0, 0.0)	(14.0, 0.0)	(15.0, 0.0)	(16.0, 0.0)	(17.0, 0.0)	(18.0, 0.0)	(19.0, 0.0)	(20.0, 0.0)	(21.0, 0.0)	(22.0, 0.0)	(23.0, 0.0)	(24.0, 0.0)	(25.0, 0.0)	(26.0, 0.0)	(27.0, 0.0)	(28.0, 0.0)	(29.0, 0.0)	(30.0, 0.0)	(31.0, 0.0)	(32.0, 0.0)	(33.0, 0.0)	(34.0, 0.0)	(35.0, 0.0)	(36.0, 0.0)	(37.0, 0.0)	(38.0, 1.5)	(39.0, 2.0)	(40.0, 0.5)	(41.0, 15.0)	(42.0, 27.5)	(43.0, 65.0)	(44.0, 715.0)	(45.0, 1054.5)	(46.0, 620.0)	(47.0, 596.0)	(48.0, 868.0)	(49.0, 707.0)	(50.0, 329.0)	(51.0, 192.5)	(52.0, 233.5)	(53.0, 263.5)	(54.0, 312.5)	(55.0, 560.5)	(56.0, 679.0)	(57.0, 450.0)	(58.0, 243.0)	(59.0, 181.0)	(60.0, 75.0)	(61.0, 20.5)	(62.0, 3.5)	(63.0, 0.5)	(64.0, 0.0)	(65.0, 0.0)	(66.0, 0.0)	(67.0, 0.0)	(68.0, 0.0)	(69.0, 0.0)	(70.0, 0.0)	(71.0, 0.0)	(72.0, 0.0)	(73.0, 0.0)	(74.0, 0.0)	(75.0, 0.0)	(76.0, 0.0)	(77.0, 0.0)	(78.0, 0.0)	(79.0, 0.0)	(80.0, 0.0)	(81.0, 0.0)	(82.0, 0.0)	(83.0, 0.0)	(84.0, 0.0)	(85.0, 0.0)	(86.0, 0.0)	(87.0, 0.0)	(88.0, 0.0)	(89.0, 0.0)	(90.0, 0.0)	(91.0, 0.0)	(92.0, 0.0)	(93.0, 0.0)	(94.0, 0.0)	(95.0, 0.0)	(96.0, 0.0)	(97.0, 0.0)	(98.0, 0.0)	(99.0, 0.0)	(100.0, 0.0)
L1S281	(0.0, 0.0)	(1.0, 0.0)	(2.0, 0.0)	(3.0, 0.0)	(4.0, 0.0)	(5.0, 0.0)	(6.0, 0.0)	(7.0, 0.0)	(8.0, 0.0)	(9.0, 0.0)	(10.0, 0.0)	(11.0, 0.0)	(12.0, 0.0)	(13.0, 0.0)	(14.0, 0.0)	(15.0, 0.0)	(16.0, 0.0)	(17.0, 0.0)	(18.0, 0.0)	(19.0, 0.0)	(20.0, 0.0)	(21.0, 0.0)	(22.0, 0.0)	(23.0, 0.0)	(24.0, 0.0)	(25.0, 0.0)	(26.0, 0.0)	(27.0, 0.0)	(28.0, 0.0)	(29.0, 0.0)	(30.0, 0.0)	(31.0, 0.0)	(32.0, 0.0)	(33.0, 0.0)	(34.0, 0.0)	(35.0, 0.0)	(36.0, 0.0)	(37.0, 0.0)	(38.0, 1.0)	(39.0, 1.5)	(40.0, 1.0)	(41.0, 11.0)	(42.0, 22.5)	(43.0, 75.5)	(44.0, 948.5)	(45.0, 1198.5)	(46.0, 506.0)	(47.0, 569.0)	(48.0, 760.0)	(49.0, 486.5)	(50.0, 297.5)	(51.0, 291.5)	(52.0, 370.5)	(53.0, 391.0)	(54.0, 370.5)	(55.0, 614.0)	(56.0, 792.0)	(57.0, 554.0)	(58.0, 279.5)	(59.0, 226.5)	(60.0, 95.5)	(61.0, 31.0)	(62.0, 7.0)	(63.0, 1.5)	(64.0, 0.0)	(65.0, 0.0)	(66.0, 0.0)	(67.0, 0.0)	(68.0, 0.0)	(69.0, 0.0)	(70.0, 0.5)	(71.0, 0.5)	(72.0, 0.0)	(73.0, 0.0)	(74.0, 0.0)	(75.0, 0.0)	(76.0, 0.0)	(77.0, 0.0)	(78.0, 0.0)	(79.0, 0.0)	(80.0, 0.0)	(81.0, 0.0)	(82.0, 0.0)	(83.0, 0.0)	(84.0, 0.0)	(85.0, 0.0)	(86.0, 0.0)	(87.0, 0.0)	(88.0, 0.0)	(89.0, 0.0)	(90.0, 0.0)	(91.0, 0.0)	(92.0, 0.0)	(93.0, 0.0)	(94.0, 0.0)	(95.0, 0.0)	(96.0, 0.0)	(97.0, 0.0)	(98.0, 0.0)	(99.0, 0.0)	(100.0, 0.0)
L1S57	(0.0, 0.0)	(1.0, 0.0)	(2.0, 0.0)	(3.0, 0.0)	(4.0, 0.0)	(5.0, 0.0)	(6.0, 0.0)	(7.0, 0.0)	(8.0, 0.0)	(9.0, 0.0)	(10.0, 0.0)	(11.0, 0.0)	(12.0, 0.0)	(13.0, 0.0)	(14.0, 0.0)	(15.0, 0.0)	(16.0, 0.0)	(17.0, 0.0)	(18.0, 0.0)	(19.0, 0.0)	(20.0, 0.0)	(21.0, 0.0)	(22.0, 0.0)	(23.0, 0.0)	(24.0, 0.0)	(25.0, 0.0)	(26.0, 0.0)	(27.0, 0.0)	(28.0, 0.0)	(29.0, 0.0)	(30.0, 0.0)	(31.0, 0.0)	(32.0, 0.0)	(33.0, 0.0)	(34.0, 0.0)	(35.0, 0.0)	(36.0, 0.0)	(37.0, 0.0)	(38.0, 1.0)	(39.0, 1.5)	(40.0, 1.0)	(41.0, 1.5)	(42.0, 9.5)	(43.0, 119.0)	(44.0, 1488.0)	(45.0, 2135.5)	(46.0, 998.5)	(47.0, 367.5)	(48.0, 390.5)	(49.0, 316.5)	(50.0, 123.5)	(51.0, 219.0)	(52.0, 863.5)	(53.0, 961.5)	(54.0, 738.5)	(55.0, 773.5)	(56.0, 586.5)	(57.0, 482.5)	(58.0, 529.5)	(59.0, 448.5)	(60.0, 129.0)	(61.0, 45.5)	(62.0, 15.5)	(63.0, 2.5)	(64.0, 0.0)	(65.0, 0.0)	(66.0, 0.0)	(67.0, 0.5)	(68.0, 0.5)	(69.0, 0.0)	(70.0, 0.0)	(71.0, 0.0)	(72.0, 0.0)	(73.0, 0.0)	(74.0, 0.0)	(75.0, 0.0)	(76.0, 0.0)	(77.0, 0.0)	(78.0, 0.0)	(79.0, 0.0)	(80.0, 0.0)	(81.0, 0.0)	(82.0, 0.0)	(83.0, 0.0)	(84.0, 0.0)	(85.0, 0.0)	(86.0, 0.0)	(87.0, 0.0)	(88.0, 0.0)	(89.0, 0.0)	(90.0, 0.0)	(91.0, 0.0)	(92.0, 0.0)	(93.0, 0.0)	(94.0, 0.0)	(95.0, 0.0)	(96.0, 0.0)	(97.0, 0.0)	(98.0, 0.0)	(99.0, 0.0)	(100.0, 0.0)
L1S76	(0.0, 0.0)	(1.0, 0.0)	(2.0, 0.0)	(3.0, 0.0)	(4.0, 0.0)	(5.0, 0.0)	(6.0, 0.0)	(7.0, 0.0)	(8.0, 0.0)	(9.0, 0.0)	(10.0, 0.0)	(11.0, 0.0)	(12.0, 0.0)	(13.0, 0.0)	(14.0, 0.5)	(15.0, 0.5)	(16.0, 0.0)	(17.0, 0.0)	(18.0, 0.0)	(19.0, 0.0)	(20.0, 0.0)	(21.0, 0.0)	(22.0, 0.0)	(23.0, 0.0)	(24.0, 0.0)	(25.0, 0.0)	(26.0, 0.0)	(27.0, 0.0)	(28.0, 0.0)	(29.0, 0.0)	(30.0, 0.0)	(31.0, 0.0)	(32.0, 0.0)	(33.0, 0.0)	(34.0, 0.0)	(35.0, 0.0)	(36.0, 0.0)	(37.0, 0.0)	(38.0, 0.5)	(39.0, 2.5)	(40.0, 2.5)	(41.0, 1.5)	(42.0, 9.5)	(43.0, 132.0)	(44.0, 1688.0)	(45.0, 2274.0)	(46.0, 893.0)	(47.0, 327.0)	(48.0, 366.0)	(49.0, 261.5)	(50.0, 169.0)	(51.0, 222.0)	(52.0, 593.5)	(53.0, 644.0)	(54.0, 464.5)	(55.0, 491.5)	(56.0, 399.5)	(57.0, 354.0)	(58.0, 372.0)	(59.0, 304.5)	(60.0, 81.0)	(61.0, 33.0)	(62.0, 10.0)	(63.0, 1.5)	(64.0, 0.5)	(65.0, 0.5)	(66.0, 0.0)	(67.0, 0.0)	(68.0, 0.0)	(69.0, 0.0)	(70.0, 0.0)	(71.0, 0.0)	(72.0, 0.0)	(73.0, 0.0)	(74.0, 0.0)	(75.0, 0.0)	(76.0, 0.0)	(77.0, 0.0)	(78.0, 0.0)	(79.0, 0.0)	(80.0, 0.0)	(81.0, 0.0)	(82.0, 0.0)	(83.0, 0.0)	(84.0, 0.0)	(85.0, 0.0)	(86.0, 0.0)	(87.0, 0.0)	(88.0, 0.0)	(89.0, 0.0)	(90.0, 0.0)	(91.0, 0.0)	(92.0, 0.0)	(93.0, 0.0)	(94.0, 0.0)	(95.0, 0.0)	(96.0, 0.0)	(97.0, 0.0)	(98.0, 0.0)	(99.0, 0.0)	(100.0, 0.0)
L1S8	(0.0, 0.0)	(1.0, 0.0)	(2.0, 0.0)	(3.0, 0.0)	(4.0, 0.0)	(5.0, 0.0)	(6.0, 0.0)	(7.0, 0.0)	(8.0, 0.0)	(9.0, 0.0)	(10.0, 0.0)	(11.0, 0.0)	(12.0, 0.0)	(13.0, 0.0)	(14.0, 0.0)	(15.0, 0.0)	(16.0, 0.0)	(17.0, 0.0)	(18.0, 0.0)	(19.0, 0.0)	(20.0, 0.0)	(21.0, 0.0)	(22.0, 0.0)	(23.0, 0.0)	(24.0, 0.0)	(25.0, 0.0)	(26.0, 0.0)	(27.0, 0.0)	(28.0, 0.0)	(29.0, 0.0)	(30.0, 0.0)	(31.0, 0.0)	(32.0, 0.0)	(33.0, 0.0)	(34.0, 0.0)	(35.0, 0.0)	(36.0, 0.0)	(37.0, 0.0)	(38.0, 0.0)	(39.0, 0.0)	(40.0, 0.5)	(41.0, 1.5)	(42.0, 6.0)	(43.0, 89.5)	(44.0, 1405.0)	(45.0, 2340.5)	(46.0, 1283.5)	(47.0, 319.0)	(48.0, 212.0)	(49.0, 179.5)	(50.0, 79.5)	(51.0, 94.0)	(52.0, 144.0)	(53.0, 260.5)	(54.0, 624.0)	(55.0, 648.5)	(56.0, 274.0)	(57.0, 378.0)	(58.0, 1695.0)	(59.0, 1809.0)	(60.0, 455.5)	(61.0, 71.5)	(62.0, 13.5)	(63.0, 1.5)	(64.0, 0.5)	(65.0, 0.0)	(66.0, 0.0)	(67.0, 0.0)	(68.0, 0.0)	(69.0, 0.0)	(70.0, 0.0)	(71.0, 0.0)	(72.0, 0.0)	(73.0, 0.0)	(74.0, 0.0)	(75.0, 0.0)	(76.0, 0.0)	(77.0, 0.0)	(78.0, 0.0)	(79.0, 0.0)	(80.0, 0.0)	(81.0, 0.0)	(82.0, 0.0)	(83.0, 0.0)	(84.0, 0.0)	(85.0, 0.0)	(86.0, 0.0)	(87.0, 0.0)	(88.0, 0.0)	(89.0, 0.0)	(90.0, 0.0)	(91.0, 0.0)	(92.0, 0.0)	(93.0, 0.0)	(94.0, 0.0)	(95.0, 0.0)	(96.0, 0.0)	(97.0, 0.0)	(98.0, 0.0)	(99.0, 0.0)	(100.0, 0.0)
L2S155	(0.0, 0.0)	(1.0, 0.0)	(2.0, 0.0)	(3.0, 0.0)	(4.0, 0.0)	(5.0, 0.0)	(6.0, 0.0)	(7.0, 0.0)	(8.0, 0.0)	(9.0, 0.0)	(10.0, 0.0)	(11.0, 0.0)	(12.0, 0.0)	(13.0, 0.0)	(14.0, 0.0)	(15.0, 0.0)	(16.0, 0.0)	(17.0, 0.0)	(18.0, 0.0)	(19.0, 0.0)	(20.0, 0.0)	(21.0, 0.0)	(22.0, 0.0)	(23.0, 0.0)	(24.0, 0.0)	(25.0, 0.0)	(26.0, 0.0)	(27.0, 0.0)	(28.0, 0.0)	(29.0, 0.5)	(30.0, 0.5)	(31.0, 1.0)	(32.0, 2.0)	(33.0, 1.5)	(34.0, 3.5)	(35.0, 4.0)	(36.0, 3.5)	(37.0, 4.0)	(38.0, 1.5)	(39.0, 0.5)	(40.0, 1.0)	(41.0, 11.5)	(42.0, 15.5)	(43.0, 10.5)	(44.0, 27.5)	(45.0, 48.0)	(46.0, 79.0)	(47.0, 187.0)	(48.0, 277.0)	(49.0, 302.0)	(50.0, 770.0)	(51.0, 1061.5)	(52.0, 970.0)	(53.0, 896.5)	(54.0, 725.5)	(55.0, 857.5)	(56.0, 1050.5)	(57.0, 825.5)	(58.0, 546.5)	(59.0, 354.0)	(60.0, 124.0)	(61.0, 45.0)	(62.0, 20.0)	(63.0, 13.0)	(64.0, 8.0)	(65.0, 4.0)	(66.0, 2.5)	(67.0, 1.0)	(68.0, 0.5)	(69.0, 0.5)	(70.0, 2.0)	(71.0, 1.5)	(72.0, 0.0)	(73.0, 0.0)	(74.0, 0.0)	(75.0, 0.0)	(76.0, 0.0)	(77.0, 0.0)	(78.0, 0.0)	(79.0, 0.0)	(80.0, 0.0)	(81.0, 0.0)	(82.0, 0.0)	(83.0, 0.0)	(84.0, 0.0)	(85.0, 0.0)	(86.0, 0.0)	(87.0, 0.0)	(88.0, 0.0)	(89.0, 0.0)	(90.0, 0.0)	(91.0, 0.0)	(92.0, 0.0)	(93.0, 0.0)	(94.0, 0.0)	(95.0, 0.0)	(96.0, 0.0)	(97.0, 0.0)	(98.0, 0.0)	(99.0, 0.0)	(100.0, 0.0)
L2S175	(0.0, 0.0)	(1.0, 0.0)	(2.0, 0.0)	(3.0, 0.0)	(4.0, 0.0)	(5.0, 0.0)	(6.0, 0.0)	(7.0, 0.0)	(8.0, 0.0)	(9.0, 0.0)	(10.0, 0.0)	(11.0, 0.0)	(12.0, 0.0)	(13.0, 0.0)	(14.0, 0.0)	(15.0, 0.0)	(16.0, 0.0)	(17.0, 0.0)	(18.0, 0.0)	(19.0, 0.0)	(20.0, 0.0)	(21.0, 0.0)	(22.0, 0.0)	(23.0, 0.0)	(24.0, 0.0)	(25.0, 0.0)	(26.0, 0.0)	(27.0, 0.0)	(28.0, 0.0)	(29.0, 0.0)	(30.0, 0.0)	(31.0, 0.0)	(32.0, 0.0)	(33.0, 0.0)	(34.0, 0.0)	(35.0, 1.5)	(36.0, 2.5)	(37.0, 1.0)	(38.0, 0.0)	(39.0, 0.0)	(40.0, 0.0)	(41.0, 2.5)	(42.0, 6.5)	(43.0, 12.5)	(44.0, 33.5)	(45.0, 58.0)	(46.0, 129.5)	(47.0, 222.0)	(48.0, 259.0)	(49.0, 271.5)	(50.0, 410.0)	(51.0, 945.0)	(52.0, 1030.5)	(53.0, 954.0)	(54.0, 1200.5)	(55.0, 1549.5)	(56.0, 1422.0)	(57.0, 781.5)	(58.0, 682.5)	(59.0, 490.0)	(60.0, 133.5)	(61.0, 36.0)	(62.0, 24.0)	(63.0, 14.0)	(64.0, 6.5)	(65.0, 3.0)	(66.0, 2.0)	(67.0, 1.5)	(68.0, 2.0)	(69.0, 1.5)	(70.0, 1.0)	(71.0, 0.5)	(72.0, 0.0)	(73.0, 0.0)	(74.0, 0.0)	(75.0, 0.0)	(76.0, 0.0)	(77.0, 0.0)	(78.0, 0.0)	(79.0, 0.0)	(80.0, 0.0)	(81.0, 0.0)	(82.0, 0.0)	(83.0, 0.0)	(84.0, 0.0)	(85.0, 0.0)	(86.0, 0.0)	(87.0, 0.0)	(88.0, 0.0)	(89.0, 0.0)	(90.0, 0.0)	(91.0, 0.0)	(92.0, 0.0)	(93.0, 0.0)	(94.0, 0.0)	(95.0, 0.0)	(96.0, 0.0)	(97.0, 0.0)	(98.0, 0.0)	(99.0, 0.0)	(100.0, 0.0)
L2S204	(0.0, 0.0)	(1.0, 0.0)	(2.0, 0.0)	(3.0, 0.0)	(4.0, 0.0)	(5.0, 0.0)	(6.0, 0.0)	(7.0, 0.0)	(8.0, 0.0)	(9.0, 0.0)	(10.0, 0.0)	(11.0, 0.0)	(12.0, 0.0)	(13.0, 0.0)	(14.0, 0.0)	(15.0, 0.0)	(16.0, 0.0)	(17.0, 0.0)	(18.0, 0.0)	(19.0, 0.0)	(20.0, 0.0)	(21.0, 0.0)	(22.0, 0.0)	(23.0, 0.0)	(24.0, 0.0)	(25.0, 0.0)	(26.0, 0.0)	(27.0, 0.0)	(28.0, 0.0)	(29.0, 0.0)	(30.0, 1.0)	(31.0, 2.0)	(32.0, 1.5)	(33.0, 1.0)	(34.0, 5.5)	(35.0, 12.0)	(36.0, 7.5)	(37.0, 2.5)	(38.0, 2.0)	(39.0, 0.0)	(40.0, 2.5)	(41.0, 22.0)	(42.0, 24.5)	(43.0, 7.5)	(44.0, 15.0)	(45.0, 39.0)	(46.0, 64.0)	(47.0, 88.0)	(48.0, 120.5)	(49.0, 110.0)	(50.0, 157.0)	(51.0, 464.0)	(52.0, 1461.0)	(53.0, 1897.5)	(54.0, 1077.5)	(55.0, 488.0)	(56.0, 373.5)	(57.0, 317.5)	(58.0, 230.0)	(59.0, 151.0)	(60.0, 81.0)	(61.0, 31.0)	(62.0, 13.5)	(63.0, 8.0)	(64.0, 6.0)	(65.0, 3.0)	(66.0, 2.0)	(67.0, 2.5)	(68.0, 2.5)	(69.0, 1.5)	(70.0, 0.5)	(71.0, 0.5)	(72.0, 0.0)	(73.0, 0.0)	(74.0, 0.0)	(75.0, 0.0)	(76.0, 0.0)	(77.0, 0.0)	(78.0, 0.0)	(79.0, 0.0)	(80.0, 0.0)	(81.0, 0.0)	(82.0, 0.0)	(83.0, 0.0)	(84.0, 0.0)	(85.0, 0.0)	(86.0, 0.0)	(87.0, 0.0)	(88.0, 0.0)	(89.0, 0.0)	(90.0, 0.0)	(91.0, 0.0)	(92.0, 0.0)	(93.0, 0.0)	(94.0, 0.0)	(95.0, 0.0)	(96.0, 0.0)	(97.0, 0.0)	(98.0, 0.0)	(99.0, 0.0)	(100.0, 0.0)
L2S222	(0.0, 0.0)	(1.0, 0.0)	(2.0, 0.0)	(3.0, 0.0)	(4.0, 0.0)	(5.0, 0.0)	(6.0, 0.0)	(7.0, 0.0)	(8.0, 0.0)	(9.0, 0.0)	(10.0, 0.0)	(11.0, 0.0)	(12.0, 0.0)	(13.0, 0.0)	(14.0, 0.0)	(15.0, 0.0)	(16.0, 0.0)	(17.0, 0.0)	(18.0, 0.0)	(19.0, 0.0)	(20.0, 0.0)	(21.0, 0.0)	(22.0, 0.0)	(23.0, 0.0)	(24.0, 0.0)	(25.0, 0.0)	(26.0, 0.0)	(27.0, 0.5)	(28.0, 0.5)	(29.0, 1.0)	(30.0, 1.0)	(31.0, 1.5)	(32.0, 1.5)	(33.0, 0.0)	(34.0, 5.5)	(35.0, 8.5)	(36.0, 7.5)	(37.0, 5.5)	(38.0, 1.5)	(39.0, 1.5)	(40.0, 2.5)	(41.0, 20.5)	(42.0, 25.5)	(43.0, 8.0)	(44.0, 17.0)	(45.0, 44.5)	(46.0, 96.0)	(47.0, 148.0)	(48.0, 210.0)	(49.0, 238.0)	(50.0, 324.0)	(51.0, 569.5)	(52.0, 857.5)	(53.0, 1087.5)	(54.0, 1062.0)	(55.0, 1007.5)	(56.0, 960.0)	(57.0, 693.5)	(58.0, 427.5)	(59.0, 260.5)	(60.0, 144.0)	(61.0, 68.5)	(62.0, 31.5)	(63.0, 16.5)	(64.0, 10.0)	(65.0, 7.0)	(66.0, 4.5)	(67.0, 2.5)	(68.0, 3.0)	(69.0, 2.5)	(70.0, 0.5)	(71.0, 0.0)	(72.0, 0.0)	(73.0, 0.0)	(74.0, 0.0)	(75.0, 0.0)	(76.0, 0.0)	(77.0, 0.0)	(78.0, 0.0)	(79.0, 0.0)	(80.0, 0.0)	(81.0, 0.0)	(82.0, 0.0)	(83.0, 0.0)	(84.0, 0.0)	(85.0, 0.0)	(86.0, 0.0)	(87.0, 0.0)	(88.0, 0.0)	(89.0, 0.0)	(90.0, 0.0)	(91.0, 0.0)	(92.0, 0.0)	(93.0, 0.0)	(94.0, 0.0)	(95.0, 0.0)	(96.0, 0.0)	(97.0, 0.0)	(98.0, 0.0)	(99.0, 0.0)	(100.0, 0.0)
L2S240	(0.0, 0.0)	(1.0, 0.0)	(2.0, 0.0)	(3.0, 0.0)	(4.0, 0.0)	(5.0, 0.0)	(6.0, 0.0)	(7.0, 0.0)	(8.0, 0.0)	(9.0, 0.0)	(10.0, 0.0)	(11.0, 0.0)	(12.0, 0.0)	(13.0, 0.0)	(14.0, 0.0)	(15.0, 0.0)	(16.0, 0.0)	(17.0, 0.0)	(18.0, 0.0)	(19.0, 0.0)	(20.0, 0.0)	(21.0, 0.0)	(22.0, 0.0)	(23.0, 0.0)	(24.0, 0.0)	(25.0, 0.0)	(26.0, 0.0)	(27.0, 0.0)	(28.0, 0.0)	(29.0, 0.0)	(30.0, 0.0)	(31.0, 0.0)	(32.0, 0.0)	(33.0, 0.0)	(34.0, 0.0)	(35.0, 0.0)	(36.0, 0.0)	(37.0, 0.0)	(38.0, 0.0)	(39.0, 0.0)	(40.0, 0.0)	(41.0, 0.0)	(42.0, 6.5)	(43.0, 9.0)	(44.0, 23.0)	(45.0, 383.0)	(46.0, 541.0)	(47.0, 246.5)	(48.0, 607.5)	(49.0, 674.0)	(50.0, 352.5)	(51.0, 477.5)	(52.0, 431.0)	(53.0, 477.0)	(54.0, 1672.0)	(55.0, 1985.5)	(56.0, 1733.5)	(57.0, 1377.0)	(58.0, 465.0)	(59.0, 326.0)	(60.0, 155.5)	(61.0, 36.5)	(62.0, 5.0)	(63.0, 0.5)	(64.0, 0.0)	(65.0, 0.0)	(66.0, 0.5)	(67.0, 0.5)	(68.0, 0.0)	(69.0, 0.0)	(70.0, 0.0)	(71.0, 0.0)	(72.0, 0.0)	(73.0, 0.0)	(74.0, 0.0)	(75.0, 0.0)	(76.0, 0.0)	(77.0, 0.0)	(78.0, 0.0)	(79.0, 0.0)	(80.0, 0.0)	(81.0, 0.0)	(82.0, 0.0)	(83.0, 0.0)	(84.0, 0.0)	(85.0, 0.0)	(86.0, 0.0)	(87.0, 0.0)	(88.0, 0.0)	(89.0, 0.0)	(90.0, 0.0)	(91.0, 0.0)	(92.0, 0.0)	(93.0, 0.0)	(94.0, 0.0)	(95.0, 0.0)	(96.0, 0.0)	(97.0, 0.0)	(98.0, 0.0)	(99.0, 0.0)	(100.0, 0.0)
L2S309	(0.0, 0.0)	(1.0, 0.0)	(2.0, 0.0)	(3.0, 0.0)	(4.0, 0.0)	(5.0, 0.0)	(6.0, 0.0)	(7.0, 0.0)	(8.0, 0.5)	(9.0, 0.5)	(10.0, 0.0)	(11.0, 0.0)	(12.0, 0.0)	(13.0, 0.0)	(14.0, 0.0)	(15.0, 0.0)	(16.0, 0.0)	(17.0, 0.0)	(18.0, 0.0)	(19.0, 0.0)	(20.0, 0.0)	(21.0, 0.0)	(22.0, 0.0)	(23.0, 0.0)	(24.0, 0.0)	(25.0, 0.0)	(26.0, 0.5)	(27.0, 0.5)	(28.0, 0.0)	(29.0, 0.0)	(30.0, 0.0)	(31.0, 0.0)	(32.0, 0.0)	(33.0, 0.0)	(34.0, 0.5)	(35.0, 0.5)	(36.0, 0.5)	(37.0, 0.5)	(38.0, 0.0)	(39.0, 0.0)	(40.0, 1.5)	(41.0, 5.0)	(42.0, 4.5)	(43.0, 4.5)	(44.0, 14.5)	(45.0, 26.5)	(46.0, 41.5)	(47.0, 59.0)	(48.0, 67.5)	(49.0, 71.0)	(50.0, 161.0)	(51.0, 349.0)	(52.0, 367.5)	(53.0, 665.0)	(54.0, 757.5)	(55.0, 364.5)	(56.0, 229.0)	(57.0, 208.0)	(58.0, 191.5)	(59.0, 127.5)	(60.0, 64.5)	(61.0, 26.0)	(62.0, 9.5)	(63.0, 6.5)	(64.0, 3.0)	(65.0, 1.0)	(66.0, 1.0)	(67.0, 1.5)	(68.0, 1.0)	(69.0, 0.0)	(70.0, 0.0)	(71.0, 0.5)	(72.0, 0.5)	(73.0, 0.0)	(74.0, 0.0)	(75.0, 0.0)	(76.0, 0.0)	(77.0, 0.0)	(78.0, 0.0)	(79.0, 0.0)	(80.0, 0.0)	(81.0, 0.0)	(82.0, 0.0)	(83.0, 0.0)	(84.0, 0.0)	(85.0, 0.0)	(86.0, 0.0)	(87.0, 0.0)	(88.0, 0.0)	(89.0, 0.0)	(90.0, 0.0)	(91.0, 0.0)	(92.0, 0.0)	(93.0, 0.0)	(94.0, 0.0)	(95.0, 0.0)	(96.0, 0.0)	(97.0, 0.0)	(98.0, 0.0)	(99.0, 0.0)	(100.0, 0.0)
L2S357	(0.0, 0.0)	(1.0, 0.0)	(2.0, 0.0)	(3.0, 0.0)	(4.0, 0.0)	(5.0, 0.0)	(6.0, 0.0)	(7.0, 0.0)	(8.0, 0.0)	(9.0, 0.0)	(10.0, 0.0)	(11.0, 0.0)	(12.0, 0.0)	(13.0, 0.5)	(14.0, 0.5)	(15.0, 0.0)	(16.0, 0.0)	(17.0, 0.0)	(18.0, 0.0)	(19.0, 0.0)	(20.0, 0.0)	(21.0, 0.0)	(22.0, 0.0)	(23.0, 0.0)	(24.0, 0.0)	(25.0, 0.0)	(26.0, 0.0)	(27.0, 0.0)	(28.0, 0.0)	(29.0, 0.0)	(30.0, 0.0)	(31.0, 1.0)	(32.0, 1.0)	(33.0, 0.0)	(34.0, 0.0)	(35.0, 1.0)	(36.0, 1.0)	(37.0, 1.0)	(38.0, 1.0)	(39.0, 0.0)	(40.0, 0.0)	(41.0, 2.5)	(42.0, 5.5)	(43.0, 5.5)	(44.0, 13.0)	(45.0, 28.0)	(46.0, 48.0)	(47.0, 86.5)	(48.0, 92.0)	(49.0, 80.0)	(50.0, 150.0)	(51.0, 486.0)	(52.0, 751.5)	(53.0, 1070.0)	(54.0, 1208.0)	(55.0, 779.0)	(56.0, 422.5)	(57.0, 356.0)	(58.0, 351.5)	(59.0, 202.0)	(60.0, 68.5)	(61.0, 19.0)	(62.0, 5.5)	(63.0, 4.0)	(64.0, 3.5)	(65.0, 3.0)	(66.0, 2.0)	(67.0, 0.5)	(68.0, 1.5)	(69.0, 1.0)	(70.0, 0.0)	(71.0, 0.0)	(72.0, 0.0)	(73.0, 0.0)	(74.0, 0.0)	(75.0, 0.0)	(76.0, 0.0)	(77.0, 0.0)	(78.0, 0.0)	(79.0, 0.0)	(80.0, 0.0)	(81.0, 0.0)	(82.0, 0.0)	(83.0, 0.0)	(84.0, 0.0)	(85.0, 0.0)	(86.0, 0.0)	(87.0, 0.0)	(88.0, 0.0)	(89.0, 0.0)	(90.0, 0.0)	(91.0, 0.0)	(92.0, 0.0)	(93.0, 0.0)	(94.0, 0.0)	(95.0, 0.0)	(96.0, 0.0)	(97.0, 0.0)	(98.0, 0.0)	(99.0, 0.0)	(100.0, 0.0)
L2S382	(0.0, 0.0)	(1.0, 0.0)	(2.0, 0.0)	(3.0, 0.0)	(4.0, 0.0)	(5.0, 0.0)	(6.0, 0.0)	(7.0, 0.0)	(8.0, 0.0)	(9.0, 0.0)	(10.0, 0.0)	(11.0, 0.0)	(12.0, 0.0)	(13.0, 0.0)	(14.0, 0.0)	(15.0, 0.0)	(16.0, 0.0)	(17.0, 0.0)	(18.0, 0.0)	(19.0, 0.0)	(20.0, 0.0)	(21.0, 0.0)	(22.0, 0.0)	(23.0, 0.0)	(24.0, 0.0)	(25.0, 0.0)	(26.0, 0.0)	(27.0, 0.0)	(28.0, 0.0)	(29.0, 0.0)	(30.0, 0.0)	(31.0, 0.0)	(32.0, 0.0)	(33.0, 0.0)	(34.0, 0.0)	(35.0, 0.0)	(36.0, 0.0)	(37.0, 0.0)	(38.0, 0.5)	(39.0, 0.5)	(40.0, 0.5)	(41.0, 0.5)	(42.0, 3.5)	(43.0, 31.0)	(44.0, 112.0)	(45.0, 221.5)	(46.0, 415.0)	(47.0, 377.0)	(48.0, 192.5)	(49.0, 250.5)	(50.0, 372.0)	(51.0, 707.5)	(52.0, 911.0)	(53.0, 842.5)	(54.0, 909.0)	(55.0, 937.5)	(56.0, 811.5)	(57.0, 675.5)	(58.0, 637.5)	(59.0, 423.5)	(60.0, 136.0)	(61.0, 62.5)	(62.0, 62.5)	(63.0, 44.0)	(64.0, 29.5)	(65.0, 26.0)	(66.0, 8.5)	(67.0, 10.5)	(68.0, 42.5)	(69.0, 38.5)	(70.0, 5.5)	(71.0, 1.0)	(72.0, 0.5)	(73.0, 0.0)	(74.0, 0.0)	(75.0, 0.0)	(76.0, 0.0)	(77.0, 0.0)	(78.0, 0.0)	(79.0, 0.0)	(80.0, 0.0)	(81.0, 0.0)	(82.0, 0.0)	(83.0, 0.0)	(84.0, 0.0)	(85.0, 0.0)	(86.0, 0.0)	(87.0, 0.0)	(88.0, 0.0)	(89.0, 0.0)	(90.0, 0.0)	(91.0, 0.0)	(92.0, 0.0)	(93.0, 0.0)	(94.0, 0.0)	(95.0, 0.0)	(96.0, 0.0)	(97.0, 0.0)	(98.0, 0.0)	(99.0, 0.0)	(100.0, 0.0)
L3S242	(0.0, 0.0)	(1.0, 0.0)	(2.0, 0.0)	(3.0, 0.0)	(4.0, 0.0)	(5.0, 0.0)	(6.0, 0.0)	(7.0, 0.0)	(8.0, 0.0)	(9.0, 0.0)	(10.0, 0.0)	(11.0, 0.0)	(12.0, 0.0)	(13.0, 0.0)	(14.0, 0.0)	(15.0, 0.0)	(16.0, 0.0)	(17.0, 0.0)	(18.0, 0.0)	(19.0, 0.0)	(20.0, 0.0)	(21.0, 0.0)	(22.0, 0.0)	(23.0, 0.0)	(24.0, 0.0)	(25.0, 0.0)	(26.0, 0.0)	(27.0, 0.0)	(28.0, 0.0)	(29.0, 0.0)	(30.0, 0.0)	(31.0, 0.0)	(32.0, 0.0)	(33.0, 0.0)	(34.0, 0.0)	(35.0, 0.0)	(36.0, 0.0)	(37.0, 0.0)	(38.0, 0.0)	(39.0, 0.0)	(40.0, 0.0)	(41.0, 0.0)	(42.0, 0.5)	(43.0, 9.0)	(44.0, 221.0)	(45.0, 388.5)	(46.0, 213.5)	(47.0, 51.0)	(48.0, 40.5)	(49.0, 32.5)	(50.0, 9.0)	(51.0, 15.0)	(52.0, 32.5)	(53.0, 49.0)	(54.0, 111.5)	(55.0, 124.5)	(56.0, 55.0)	(57.0, 52.0)	(58.0, 268.5)	(59.0, 290.0)	(60.0, 72.0)	(61.0, 15.0)	(62.0, 3.0)	(63.0, 1.0)	(64.0, 0.5)	(65.0, 0.0)	(66.0, 0.0)	(67.0, 0.0)	(68.0, 0.0)	(69.0, 0.0)	(70.0, 0.0)	(71.0, 0.0)	(72.0, 0.0)	(73.0, 0.0)	(74.0, 0.0)	(75.0, 0.0)	(76.0, 0.0)	(77.0, 0.0)	(78.0, 0.0)	(79.0, 0.0)	(80.0, 0.0)	(81.0, 0.0)	(82.0, 0.0)	(83.0, 0.0)	(84.0, 0.0)	(85.0, 0.0)	(86.0, 0.0)	(87.0, 0.0)	(88.0, 0.0)	(89.0, 0.0)	(90.0, 0.0)	(91.0, 0.0)	(92.0, 0.0)	(93.0, 0.0)	(94.0, 0.0)	(95.0, 0.0)	(96.0, 0.0)	(97.0, 0.0)	(98.0, 0.0)	(99.0, 0.0)	(100.0, 0.0)
L3S294	(0.0, 0.0)	(1.0, 0.0)	(2.0, 0.0)	(3.0, 0.0)	(4.0, 0.0)	(5.0, 0.0)	(6.0, 0.0)	(7.0, 0.0)	(8.0, 0.0)	(9.0, 0.0)	(10.0, 0.0)	(11.0, 0.0)	(12.0, 0.0)	(13.0, 0.0)	(14.0, 0.0)	(15.0, 0.0)	(16.0, 0.0)	(17.0, 0.0)	(18.0, 0.0)	(19.0, 0.0)	(20.0, 0.0)	(21.0, 0.0)	(22.0, 0.0)	(23.0, 0.0)	(24.0, 0.0)	(25.0, 0.0)	(26.0, 0.0)	(27.0, 0.0)	(28.0, 0.0)	(29.0, 0.5)	(30.0, 0.5)	(31.0, 0.0)	(32.0, 0.0)	(33.0, 0.0)	(34.0, 0.5)	(35.0, 0.5)	(36.0, 0.0)	(37.0, 0.0)	(38.0, 0.0)	(39.0, 0.0)	(40.0, 0.5)	(41.0, 2.5)	(42.0, 3.0)	(43.0, 2.0)	(44.0, 2.5)	(45.0, 8.0)	(46.0, 23.0)	(47.0, 49.0)	(48.0, 52.5)	(49.0, 56.0)	(50.0, 190.0)	(51.0, 243.5)	(52.0, 239.0)	(53.0, 259.0)	(54.0, 209.0)	(55.0, 296.0)	(56.0, 313.5)	(57.0, 172.0)	(58.0, 101.5)	(59.0, 59.0)	(60.0, 19.5)	(61.0, 9.0)	(62.0, 2.5)	(63.0, 0.5)	(64.0, 0.5)	(65.0, 0.5)	(66.0, 0.0)	(67.0, 0.0)	(68.0, 0.5)	(69.0, 0.5)	(70.0, 0.0)	(71.0, 0.0)	(72.0, 0.0)	(73.0, 0.0)	(74.0, 0.0)	(75.0, 0.0)	(76.0, 0.0)	(77.0, 0.0)	(78.0, 0.0)	(79.0, 0.0)	(80.0, 0.0)	(81.0, 0.0)	(82.0, 0.0)	(83.0, 0.0)	(84.0, 0.0)	(85.0, 0.0)	(86.0, 0.0)	(87.0, 0.0)	(88.0, 0.0)	(89.0, 0.0)	(90.0, 0.0)	(91.0, 0.0)	(92.0, 0.0)	(93.0, 0.0)	(94.0, 0.0)	(95.0, 0.0)	(96.0, 0.0)	(97.0, 0.0)	(98.0, 0.0)	(99.0, 0.0)	(100.0, 0.0)
L3S313	(0.0, 0.0)	(1.0, 0.0)	(2.0, 0.0)	(3.0, 0.0)	(4.0, 0.0)	(5.0, 0.0)	(6.0, 0.0)	(7.0, 0.0)	(8.0, 0.0)	(9.0, 0.0)	(10.0, 0.0)	(11.0, 0.0)	(12.0, 0.0)	(13.0, 0.0)	(14.0, 0.0)	(15.0, 0.0)	(16.0, 0.0)	(17.0, 0.0)	(18.0, 0.0)	(19.0, 0.0)	(20.0, 0.0)	(21.0, 0.0)	(22.0, 0.0)	(23.0, 0.0)	(24.0, 0.0)	(25.0, 0.0)	(26.0, 0.0)	(27.0, 0.0)	(28.0, 0.0)	(29.0, 0.0)	(30.0, 0.0)	(31.0, 0.0)	(32.0, 0.0)	(33.0, 0.0)	(34.0, 0.0)	(35.0, 0.0)	(36.0, 0.0)	(37.0, 0.0)	(38.0, 0.0)	(39.0, 0.0)	(40.0, 0.0)	(41.0, 0.5)	(42.0, 1.0)	(43.0, 1.5)	(44.0, 6.0)	(45.0, 9.0)	(46.0, 19.5)	(47.0, 43.0)	(48.0, 46.5)	(49.0, 32.5)	(50.0, 78.5)	(51.0, 165.5)	(52.0, 182.5)	(53.0, 213.0)	(54.0, 241.0)	(55.0, 276.0)	(56.0, 255.0)	(57.0, 156.0)	(58.0, 135.0)	(59.0, 90.0)	(60.0, 26.5)	(61.0, 7.5)	(62.0, 3.5)	(63.0, 1.0)	(64.0, 1.0)	(65.0, 1.0)	(66.0, 1.0)	(67.0, 0.5)	(68.0, 0.0)	(69.0, 0.0)	(70.0, 0.0)	(71.0, 0.0)	(72.0, 0.0)	(73.0, 0.0)	(74.0, 0.0)	(75.0, 0.0)	(76.0, 0.0)	(77.0, 0.0)	(78.0, 0.0)	(79.0, 0.0)	(80.0, 0.0)	(81.0, 0.0)	(82.0, 0.0)	(83.0, 0.0)	(84.0, 0.0)	(85.0, 0.0)	(86.0, 0.0)	(87.0, 0.0)	(88.0, 0.0)	(89.0, 0.0)	(90.0, 0.0)	(91.0, 0.0)	(92.0, 0.0)	(93.0, 0.0)	(94.0, 0.0)	(95.0, 0.0)	(96.0, 0.0)	(97.0, 0.0)	(98.0, 0.0)	(99.0, 0.0)	(100.0, 0.0)
L3S341	(0.0, 0.0)	(1.0, 0.0)	(2.0, 0.0)	(3.0, 0.0)	(4.0, 0.0)	(5.0, 0.0)	(6.0, 0.0)	(7.0, 0.0)	(8.0, 0.0)	(9.0, 0.0)	(10.0, 0.0)	(11.0, 0.0)	(12.0, 0.0)	(13.0, 0.0)	(14.0, 0.0)	(15.0, 0.0)	(16.0, 0.0)	(17.0, 0.0)	(18.0, 0.0)	(19.0, 0.0)	(20.0, 0.0)	(21.0, 0.0)	(22.0, 0.0)	(23.0, 0.0)	(24.0, 0.0)	(25.0, 0.0)	(26.0, 0.0)	(27.0, 0.0)	(28.0, 0.0)	(29.0, 0.0)	(30.0, 0.5)	(31.0, 0.5)	(32.0, 0.0)	(33.0, 0.0)	(34.0, 0.0)	(35.0, 0.0)	(36.0, 0.0)	(37.0, 0.0)	(38.0, 0.5)	(39.0, 0.5)	(40.0, 0.0)	(41.0, 0.5)	(42.0, 0.5)	(43.0, 0.5)	(44.0, 7.0)	(45.0, 14.0)	(46.0, 18.5)	(47.0, 20.5)	(48.0, 31.5)	(49.0, 71.5)	(50.0, 68.5)	(51.0, 115.0)	(52.0, 312.0)	(53.0, 364.5)	(54.0, 239.5)	(55.0, 143.0)	(56.0, 124.0)	(57.0, 126.0)	(58.0, 87.0)	(59.0, 56.0)	(60.0, 31.5)	(61.0, 10.0)	(62.0, 3.0)	(63.0, 2.0)	(64.0, 1.0)	(65.0, 0.5)	(66.0, 0.5)	(67.0, 0.5)	(68.0, 1.0)	(69.0, 1.0)	(70.0, 0.0)	(71.0, 0.0)	(72.0, 0.0)	(73.0, 0.0)	(74.0, 0.0)	(75.0, 0.0)	(76.0, 0.0)	(77.0, 0.0)	(78.0, 0.0)	(79.0, 0.0)	(80.0, 0.0)	(81.0, 0.0)	(82.0, 0.0)	(83.0, 0.0)	(84.0, 0.0)	(85.0, 0.0)	(86.0, 0.0)	(87.0, 0.0)	(88.0, 0.0)	(89.0, 0.0)	(90.0, 0.0)	(91.0, 0.0)	(92.0, 0.0)	(93.0, 0.0)	(94.0, 0.0)	(95.0, 0.0)	(96.0, 0.0)	(97.0, 0.0)	(98.0, 0.0)	(99.0, 0.0)	(100.0, 0.0)
L3S360	(0.0, 0.0)	(1.0, 0.0)	(2.0, 0.0)	(3.0, 0.0)	(4.0, 0.0)	(5.0, 0.0)	(6.0, 0.0)	(7.0, 0.0)	(8.0, 0.0)	(9.0, 0.0)	(10.0, 0.0)	(11.0, 0.0)	(12.0, 0.0)	(13.0, 0.0)	(14.0, 0.0)	(15.0, 0.0)	(16.0, 0.0)	(17.0, 0.0)	(18.0, 0.0)	(19.0, 0.0)	(20.0, 0.0)	(21.0, 0.0)	(22.0, 0.0)	(23.0, 0.0)	(24.0, 0.0)	(25.0, 0.0)	(26.0, 0.0)	(27.0, 0.0)	(28.0, 0.0)	(29.0, 0.0)	(30.0, 0.0)	(31.0, 0.0)	(32.0, 0.0)	(33.0, 0.0)	(34.0, 1.0)	(35.0, 1.0)	(36.0, 2.0)	(37.0, 2.0)	(38.0, 0.0)	(39.0, 0.0)	(40.0, 0.5)	(41.0, 2.0)	(42.0, 1.5)	(43.0, 0.5)	(44.0, 5.0)	(45.0, 8.5)	(46.0, 18.5)	(47.0, 32.5)	(48.0, 47.0)	(49.0, 52.5)	(50.0, 72.0)	(51.0, 134.0)	(52.0, 252.0)	(53.0, 362.0)	(54.0, 304.5)	(55.0, 232.0)	(56.0, 198.0)	(57.0, 135.5)	(58.0, 92.5)	(59.0, 55.5)	(60.0, 33.5)	(61.0, 14.5)	(62.0, 9.5)	(63.0, 5.5)	(64.0, 0.5)	(65.0, 3.0)	(66.0, 3.0)	(67.0, 1.0)	(68.0, 1.0)	(69.0, 0.0)	(70.0, 0.0)	(71.0, 0.0)	(72.0, 0.0)	(73.0, 0.0)	(74.0, 0.0)	(75.0, 0.0)	(76.0, 0.0)	(77.0, 0.0)	(78.0, 0.0)	(79.0, 0.0)	(80.0, 0.0)	(81.0, 0.0)	(82.0, 0.0)	(83.0, 0.0)	(84.0, 0.0)	(85.0, 0.0)	(86.0, 0.0)	(87.0, 0.0)	(88.0, 0.0)	(89.0, 0.0)	(90.0, 0.0)	(91.0, 0.0)	(92.0, 0.0)	(93.0, 0.0)	(94.0, 0.0)	(95.0, 0.0)	(96.0, 0.0)	(97.0, 0.0)	(98.0, 0.0)	(99.0, 0.0)	(100.0, 0.0)
L3S378	(0.0, 0.0)	(1.0, 0.0)	(2.0, 0.0)	(3.0, 0.0)	(4.0, 0.0)	(5.0, 0.0)	(6.0, 0.0)	(7.0, 0.0)	(8.0, 0.0)	(9.0, 0.0)	(10.0, 0.0)	(11.0, 0.0)	(12.0, 0.0)	(13.0, 0.0)	(14.0, 0.0)	(15.0, 0.0)	(16.0, 0.0)	(17.0, 0.0)	(18.0, 0.0)	(19.0, 0.0)	(20.0, 0.0)	(21.0, 0.0)	(22.0, 0.0)	(23.0, 0.0)	(24.0, 0.0)	(25.0, 0.0)	(26.0, 0.0)	(27.0, 0.0)	(28.0, 0.0)	(29.0, 0.0)	(30.0, 0.0)	(31.0, 0.0)	(32.0, 0.0)	(33.0, 0.0)	(34.0, 0.0)	(35.0, 0.0)	(36.0, 0.0)	(37.0, 0.0)	(38.0, 0.0)	(39.0, 0.0)	(40.0, 0.0)	(41.0, 0.0)	(42.0, 1.0)	(43.0, 10.5)	(44.0, 255.5)	(45.0, 410.5)	(46.0, 253.5)	(47.0, 151.0)	(48.0, 157.5)	(49.0, 121.5)	(50.0, 60.0)	(51.0, 108.5)	(52.0, 95.0)	(53.0, 42.5)	(54.0, 88.0)	(55.0, 111.0)	(56.0, 94.5)	(57.0, 82.5)	(58.0, 50.0)	(59.0, 27.0)	(60.0, 16.0)	(61.0, 7.0)	(62.0, 1.5)	(63.0, 0.5)	(64.0, 0.0)	(65.0, 0.0)	(66.0, 0.0)	(67.0, 0.0)	(68.0, 0.0)	(69.0, 0.5)	(70.0, 0.5)	(71.0, 0.0)	(72.0, 0.0)	(73.0, 0.0)	(74.0, 0.0)	(75.0, 0.0)	(76.0, 0.0)	(77.0, 0.0)	(78.0, 0.0)	(79.0, 0.0)	(80.0, 0.0)	(81.0, 0.0)	(82.0, 0.0)	(83.0, 0.0)	(84.0, 0.0)	(85.0, 0.0)	(86.0, 0.0)	(87.0, 0.0)	(88.0, 0.0)	(89.0, 0.0)	(90.0, 0.0)	(91.0, 0.0)	(92.0, 0.0)	(93.0, 0.0)	(94.0, 0.0)	(95.0, 0.0)	(96.0, 0.0)	(97.0, 0.0)	(98.0, 0.0)	(99.0, 0.0)	(100.0, 0.0)
L4S112	(0.0, 0.0)	(1.0, 0.0)	(2.0, 0.0)	(3.0, 0.0)	(4.0, 0.0)	(5.0, 0.0)	(6.0, 0.0)	(7.0, 0.0)	(8.0, 0.0)	(9.0, 0.0)	(10.0, 0.0)	(11.0, 0.0)	(12.0, 0.0)	(13.0, 0.0)	(14.0, 0.0)	(15.0, 0.0)	(16.0, 0.0)	(17.0, 0.0)	(18.0, 0.0)	(19.0, 0.0)	(20.0, 0.0)	(21.0, 0.0)	(22.0, 0.0)	(23.0, 0.0)	(24.0, 0.0)	(25.0, 0.0)	(26.0, 0.0)	(27.0, 0.0)	(28.0, 0.0)	(29.0, 0.5)	(30.0, 1.0)	(31.0, 1.5)	(32.0, 1.5)	(33.0, 0.5)	(34.0, 0.5)	(35.0, 2.5)	(36.0, 4.5)	(37.0, 3.0)	(38.0, 0.5)	(39.0, 0.5)	(40.0, 1.0)	(41.0, 8.0)	(42.0, 11.5)	(43.0, 7.5)	(44.0, 50.0)	(45.0, 84.5)	(46.0, 110.5)	(47.0, 236.0)	(48.0, 256.5)	(49.0, 216.0)	(50.0, 443.0)	(51.0, 1355.5)	(52.0, 1937.5)	(53.0, 2594.0)	(54.0, 2941.5)	(55.0, 1943.0)	(56.0, 1165.5)	(57.0, 1038.0)	(58.0, 977.0)	(59.0, 534.5)	(60.0, 166.5)	(61.0, 60.0)	(62.0, 35.5)	(63.0, 25.5)	(64.0, 14.0)	(65.0, 13.0)	(66.0, 8.5)	(67.0, 5.0)	(68.0, 3.0)	(69.0, 2.5)	(70.0, 3.0)	(71.0, 1.0)	(72.0, 0.0)	(73.0, 0.0)	(74.0, 0.0)	(75.0, 0.0)	(76.0, 0.0)	(77.0, 0.0)	(78.0, 0.0)	(79.0, 0.0)	(80.0, 0.0)	(81.0, 0.0)	(82.0, 0.0)	(83.0, 0.0)	(84.0, 0.0)	(85.0, 0.0)	(86.0, 0.0)	(87.0, 0.0)	(88.0, 0.0)	(89.0, 0.0)	(90.0, 0.0)	(91.0, 0.0)	(92.0, 0.0)	(93.0, 0.0)	(94.0, 0.0)	(95.0, 0.0)	(96.0, 0.0)	(97.0, 0.0)	(98.0, 0.0)	(99.0, 0.0)	(100.0, 0.0)
L4S137	(0.0, 0.0)	(1.0, 0.0)	(2.0, 0.0)	(3.0, 0.0)	(4.0, 0.0)	(5.0, 0.0)	(6.0, 0.0)	(7.0, 0.0)	(8.0, 0.0)	(9.0, 0.0)	(10.0, 0.0)	(11.0, 0.0)	(12.0, 0.0)	(13.0, 0.0)	(14.0, 0.0)	(15.0, 0.0)	(16.0, 0.0)	(17.0, 0.0)	(18.0, 0.0)	(19.0, 0.0)	(20.0, 0.0)	(21.0, 0.0)	(22.0, 0.0)	(23.0, 0.0)	(24.0, 0.0)	(25.0, 0.0)	(26.0, 0.0)	(27.0, 0.0)	(28.0, 0.0)	(29.0, 0.0)	(30.0, 0.0)	(31.0, 0.0)	(32.0, 0.0)	(33.0, 0.5)	(34.0, 0.5)	(35.0, 0.0)	(36.0, 0.5)	(37.0, 0.5)	(38.0, 0.0)	(39.0, 0.0)	(40.0, 0.0)	(41.0, 1.0)	(42.0, 2.0)	(43.0, 25.5)	(44.0, 97.5)	(45.0, 183.0)	(46.0, 336.0)	(47.0, 329.5)	(48.0, 235.0)	(49.0, 396.5)	(50.0, 673.5)	(51.0, 2006.0)	(52.0, 2049.0)	(53.0, 1239.0)	(54.0, 2049.0)	(55.0, 2707.0)	(56.0, 2229.5)	(57.0, 1662.0)	(58.0, 1354.5)	(59.0, 651.0)	(60.0, 213.0)	(61.0, 70.5)	(62.0, 56.0)	(63.0, 32.5)	(64.0, 42.0)	(65.0, 46.5)	(66.0, 16.0)	(67.0, 9.5)	(68.0, 36.0)	(69.0, 32.5)	(70.0, 3.0)	(71.0, 0.5)	(72.0, 0.5)	(73.0, 0.0)	(74.0, 0.0)	(75.0, 0.0)	(76.0, 0.0)	(77.0, 0.0)	(78.0, 0.0)	(79.0, 0.0)	(80.0, 0.0)	(81.0, 0.0)	(82.0, 0.0)	(83.0, 0.0)	(84.0, 0.0)	(85.0, 0.0)	(86.0, 0.0)	(87.0, 0.0)	(88.0, 0.0)	(89.0, 0.0)	(90.0, 0.0)	(91.0, 0.0)	(92.0, 0.0)	(93.0, 0.0)	(94.0, 0.0)	(95.0, 0.0)	(96.0, 0.0)	(97.0, 0.0)	(98.0, 0.0)	(99.0, 0.0)	(100.0, 0.0)
L4S63	(0.0, 0.0)	(1.0, 0.0)	(2.0, 0.0)	(3.0, 0.0)	(4.0, 0.0)	(5.0, 0.0)	(6.0, 0.0)	(7.0, 0.0)	(8.0, 0.0)	(9.0, 0.0)	(10.0, 0.0)	(11.0, 0.0)	(12.0, 0.0)	(13.0, 0.0)	(14.0, 0.0)	(15.0, 0.0)	(16.0, 0.0)	(17.0, 0.0)	(18.0, 0.0)	(19.0, 0.0)	(20.0, 0.0)	(21.0, 0.0)	(22.0, 0.0)	(23.0, 0.0)	(24.0, 0.0)	(25.0, 0.0)	(26.0, 0.0)	(27.0, 0.0)	(28.0, 1.0)	(29.0, 3.5)	(30.0, 3.5)	(31.0, 2.0)	(32.0, 5.5)	(33.0, 4.5)	(34.0, 2.5)	(35.0, 4.5)	(36.0, 7.0)	(37.0, 6.5)	(38.0, 2.0)	(39.0, 3.0)	(40.0, 7.0)	(41.0, 26.5)	(42.0, 23.5)	(43.0, 9.0)	(44.0, 39.5)	(45.0, 75.0)	(46.0, 177.0)	(47.0, 346.5)	(48.0, 501.0)	(49.0, 445.5)	(50.0, 911.5)	(51.0, 1514.0)	(52.0, 1294.0)	(53.0, 2398.5)	(54.0, 2804.0)	(55.0, 1570.5)	(56.0, 1163.5)	(57.0, 1288.0)	(58.0, 1210.5)	(59.0, 673.5)	(60.0, 302.5)	(61.0, 127.5)	(62.0, 74.0)	(63.0, 42.0)	(64.0, 22.0)	(65.0, 23.5)	(66.0, 20.0)	(67.0, 12.5)	(68.0, 8.0)	(69.0, 5.5)	(70.0, 3.5)	(71.0, 1.5)	(72.0, 0.5)	(73.0, 0.0)	(74.0, 0.0)	(75.0, 0.0)	(76.0, 0.0)	(77.0, 0.0)	(78.0, 0.0)	(79.0, 0.0)	(80.0, 0.0)	(81.0, 0.0)	(82.0, 0.0)	(83.0, 0.0)	(84.0, 0.0)	(85.0, 0.0)	(86.0, 0.0)	(87.0, 0.0)	(88.0, 0.0)	(89.0, 0.0)	(90.0, 0.0)	(91.0, 0.0)	(92.0, 0.0)	(93.0, 0.0)	(94.0, 0.0)	(95.0, 0.0)	(96.0, 0.0)	(97.0, 0.0)	(98.0, 0.0)	(99.0, 0.0)	(100.0, 0.0)
L5S104	(0.0, 0.0)	(1.0, 0.0)	(2.0, 0.0)	(3.0, 0.0)	(4.0, 0.0)	(5.0, 0.0)	(6.0, 0.0)	(7.0, 0.0)	(8.0, 0.0)	(9.0, 0.0)	(10.0, 0.0)	(11.0, 0.0)	(12.0, 0.0)	(13.0, 0.0)	(14.0, 0.0)	(15.0, 0.0)	(16.0, 0.0)	(17.0, 0.0)	(18.0, 0.0)	(19.0, 0.0)	(20.0, 0.0)	(21.0, 0.0)	(22.0, 0.0)	(23.0, 0.0)	(24.0, 0.0)	(25.0, 0.0)	(26.0, 0.0)	(27.0, 0.0)	(28.0, 0.0)	(29.0, 0.0)	(30.0, 0.0)	(31.0, 0.0)	(32.0, 0.0)	(33.0, 0.0)	(34.0, 0.0)	(35.0, 0.0)	(36.0, 0.0)	(37.0, 0.0)	(38.0, 0.0)	(39.0, 0.0)	(40.0, 0.0)	(41.0, 0.0)	(42.0, 2.0)	(43.0, 2.5)	(44.0, 14.5)	(45.0, 96.5)	(46.0, 190.0)	(47.0, 127.0)	(48.0, 69.5)	(49.0, 75.0)	(50.0, 146.5)	(51.0, 257.5)	(52.0, 184.5)	(53.0, 295.5)	(54.0, 476.0)	(55.0, 361.0)	(56.0, 476.0)	(57.0, 399.0)	(58.0, 131.0)	(59.0, 107.5)	(60.0, 39.0)	(61.0, 7.5)	(62.0, 0.5)	(63.0, 0.5)	(64.0, 0.5)	(65.0, 0.5)	(66.0, 0.0)	(67.0, 0.0)	(68.0, 0.0)	(69.0, 0.0)	(70.0, 0.0)	(71.0, 0.0)	(72.0, 0.0)	(73.0, 0.0)	(74.0, 0.0)	(75.0, 0.0)	(76.0, 0.0)	(77.0, 0.0)	(78.0, 0.0)	(79.0, 0.0)	(80.0, 0.0)	(81.0, 0.0)	(82.0, 0.0)	(83.0, 0.0)	(84.0, 0.0)	(85.0, 0.0)	(86.0, 0.0)	(87.0, 0.0)	(88.0, 0.0)	(89.0, 0.0)	(90.0, 0.0)	(91.0, 0.0)	(92.0, 0.0)	(93.0, 0.0)	(94.0, 0.0)	(95.0, 0.0)	(96.0, 0.0)	(97.0, 0.0)	(98.0, 0.0)	(99.0, 0.0)	(100.0, 0.0)
L5S155	(0.0, 0.0)	(1.0, 0.0)	(2.0, 0.0)	(3.0, 0.0)	(4.0, 0.0)	(5.0, 0.0)	(6.0, 0.0)	(7.0, 0.0)	(8.0, 0.0)	(9.0, 0.0)	(10.0, 0.0)	(11.0, 0.0)	(12.0, 0.0)	(13.0, 0.0)	(14.0, 0.0)	(15.0, 0.0)	(16.0, 0.0)	(17.0, 0.0)	(18.0, 0.0)	(19.0, 0.5)	(20.0, 0.5)	(21.0, 0.0)	(22.0, 0.0)	(23.0, 0.0)	(24.0, 0.0)	(25.0, 0.0)	(26.0, 0.0)	(27.0, 0.0)	(28.0, 0.0)	(29.0, 0.0)	(30.0, 0.0)	(31.0, 0.0)	(32.0, 0.0)	(33.0, 0.0)	(34.0, 0.0)	(35.0, 0.0)	(36.0, 0.0)	(37.0, 0.0)	(38.0, 0.0)	(39.0, 0.0)	(40.0, 0.0)	(41.0, 0.0)	(42.0, 1.0)	(43.0, 2.5)	(44.0, 2.5)	(45.0, 25.5)	(46.0, 94.5)	(47.0, 81.0)	(48.0, 27.0)	(49.0, 26.0)	(50.0, 105.5)	(51.0, 185.0)	(52.0, 157.0)	(53.0, 324.0)	(54.0, 370.0)	(55.0, 215.0)	(56.0, 389.5)	(57.0, 331.5)	(58.0, 79.0)	(59.0, 51.0)	(60.0, 18.0)	(61.0, 3.0)	(62.0, 1.0)	(63.0, 0.5)	(64.0, 0.0)	(65.0, 0.0)	(66.0, 0.0)	(67.0, 0.0)	(68.0, 0.0)	(69.0, 0.0)	(70.0, 0.0)	(71.0, 0.0)	(72.0, 0.0)	(73.0, 0.0)	(74.0, 0.0)	(75.0, 0.0)	(76.0, 0.0)	(77.0, 0.0)	(78.0, 0.0)	(79.0, 0.0)	(80.0, 0.0)	(81.0, 0.0)	(82.0, 0.0)	(83.0, 0.0)	(84.0, 0.0)	(85.0, 0.0)	(86.0, 0.0)	(87.0, 0.0)	(88.0, 0.0)	(89.0, 0.0)	(90.0, 0.0)	(91.0, 0.0)	(92.0, 0.0)	(93.0, 0.0)	(94.0, 0.0)	(95.0, 0.0)	(96.0, 0.0)	(97.0, 0.0)	(98.0, 0.0)	(99.0, 0.0)	(100.0, 0.0)
L5S174	(0.0, 0.0)	(1.0, 0.0)	(2.0, 0.0)	(3.0, 0.0)	(4.0, 0.0)	(5.0, 0.0)	(6.0, 0.0)	(7.0, 0.0)	(8.0, 0.0)	(9.0, 0.0)	(10.0, 0.0)	(11.0, 0.0)	(12.0, 0.0)	(13.0, 0.0)	(14.0, 0.0)	(15.0, 0.0)	(16.0, 0.0)	(17.0, 0.0)	(18.0, 0.0)	(19.0, 0.0)	(20.0, 0.0)	(21.0, 0.0)	(22.0, 0.0)	(23.0, 0.0)	(24.0, 0.0)	(25.0, 0.0)	(26.0, 0.0)	(27.0, 0.0)	(28.0, 0.0)	(29.0, 0.0)	(30.0, 0.0)	(31.0, 0.0)	(32.0, 0.0)	(33.0, 0.0)	(34.0, 0.0)	(35.0, 0.0)	(36.0, 0.0)	(37.0, 0.0)	(38.0, 0.0)	(39.0, 0.0)	(40.0, 0.0)	(41.0, 0.0)	(42.0, 2.0)	(43.0, 3.0)	(44.0, 6.5)	(45.0, 68.0)	(46.0, 434.5)	(47.0, 428.5)	(48.0, 88.5)	(49.0, 67.0)	(50.0, 111.5)	(51.0, 152.0)	(52.0, 116.0)	(53.0, 105.0)	(54.0, 141.0)	(55.0, 277.0)	(56.0, 363.0)	(57.0, 208.0)	(58.0, 88.0)	(59.0, 82.5)	(60.0, 45.0)	(61.0, 5.0)	(62.0, 0.0)	(63.0, 0.0)	(64.0, 0.0)	(65.0, 0.0)	(66.0, 0.0)	(67.0, 0.0)	(68.0, 0.0)	(69.0, 0.0)	(70.0, 0.0)	(71.0, 0.0)	(72.0, 0.0)	(73.0, 0.0)	(74.0, 0.0)	(75.0, 0.0)	(76.0, 0.0)	(77.0, 0.0)	(78.0, 0.0)	(79.0, 0.0)	(80.0, 0.0)	(81.0, 0.0)	(82.0, 0.0)	(83.0, 0.0)	(84.0, 0.0)	(85.0, 0.0)	(86.0, 0.0)	(87.0, 0.0)	(88.0, 0.0)	(89.0, 0.0)	(90.0, 0.0)	(91.0, 0.0)	(92.0, 0.0)	(93.0, 0.0)	(94.0, 0.0)	(95.0, 0.0)	(96.0, 0.0)	(97.0, 0.0)	(98.0, 0.0)	(99.0, 0.0)	(100.0, 0.0)
L5S203	(0.0, 0.0)	(1.0, 0.0)	(2.0, 0.0)	(3.0, 0.0)	(4.0, 0.0)	(5.0, 0.0)	(6.0, 0.0)	(7.0, 0.0)	(8.0, 0.0)	(9.0, 0.0)	(10.0, 0.0)	(11.0, 0.0)	(12.0, 0.0)	(13.0, 0.0)	(14.0, 0.0)	(15.0, 0.0)	(16.0, 0.0)	(17.0, 0.0)	(18.0, 0.0)	(19.0, 0.0)	(20.0, 0.0)	(21.0, 0.0)	(22.0, 0.0)	(23.0, 0.0)	(24.0, 0.0)	(25.0, 0.0)	(26.0, 0.0)	(27.0, 0.0)	(28.0, 0.0)	(29.0, 0.0)	(30.0, 0.0)	(31.0, 0.0)	(32.0, 0.0)	(33.0, 0.0)	(34.0, 0.0)	(35.0, 0.0)	(36.0, 0.0)	(37.0, 0.0)	(38.0, 0.0)	(39.0, 0.0)	(40.0, 0.0)	(41.0, 0.0)	(42.0, 0.0)	(43.0, 1.0)	(44.0, 9.0)	(45.0, 101.5)	(46.0, 185.0)	(47.0, 110.0)	(48.0, 58.0)	(49.0, 81.0)	(50.0, 163.5)	(51.0, 263.0)	(52.0, 212.5)	(53.0, 317.0)	(54.0, 387.0)	(55.0, 276.0)	(56.0, 358.0)	(57.0, 274.0)	(58.0, 105.0)	(59.0, 89.5)	(60.0, 40.5)	(61.0, 5.5)	(62.0, 0.0)	(63.0, 0.0)	(64.0, 0.0)	(65.0, 0.0)	(66.0, 0.0)	(67.0, 0.0)	(68.0, 0.0)	(69.0, 0.0)	(70.0, 0.0)	(71.0, 0.0)	(72.0, 0.0)	(73.0, 0.0)	(74.0, 0.0)	(75.0, 0.0)	(76.0, 0.0)	(77.0, 0.0)	(78.0, 0.0)	(79.0, 0.0)	(80.0, 0.0)	(81.0, 0.0)	(82.0, 0.0)	(83.0, 0.0)	(84.0, 0.0)	(85.0, 0.0)	(86.0, 0.0)	(87.0, 0.0)	(88.0, 0.0)	(89.0, 0.0)	(90.0, 0.0)	(91.0, 0.0)	(92.0, 0.0)	(93.0, 0.0)	(94.0, 0.0)	(95.0, 0.0)	(96.0, 0.0)	(97.0, 0.0)	(98.0, 0.0)	(99.0, 0.0)	(100.0, 0.0)
L5S222	(0.0, 0.0)	(1.0, 0.0)	(2.0, 0.0)	(3.0, 0.0)	(4.0, 0.0)	(5.0, 0.0)	(6.0, 0.0)	(7.0, 0.0)	(8.0, 0.0)	(9.0, 0.0)	(10.0, 0.0)	(11.0, 0.0)	(12.0, 1.0)	(13.0, 1.0)	(14.0, 0.0)	(15.0, 0.0)	(16.0, 0.0)	(17.0, 0.0)	(18.0, 0.0)	(19.0, 0.0)	(20.0, 0.0)	(21.0, 0.0)	(22.0, 0.0)	(23.0, 0.0)	(24.0, 0.0)	(25.0, 0.0)	(26.0, 0.0)	(27.0, 0.0)	(28.0, 0.0)	(29.0, 0.0)	(30.0, 0.0)	(31.0, 0.0)	(32.0, 0.0)	(33.0, 0.0)	(34.0, 0.0)	(35.0, 0.0)	(36.0, 0.0)	(37.0, 0.0)	(38.0, 0.0)	(39.0, 0.5)	(40.0, 0.5)	(41.0, 0.0)	(42.0, 6.0)	(43.0, 9.5)	(44.0, 14.0)	(45.0, 250.5)	(46.0, 489.0)	(47.0, 282.5)	(48.0, 112.0)	(49.0, 108.0)	(50.0, 125.0)	(51.0, 195.0)	(52.0, 127.0)	(53.0, 284.0)	(54.0, 356.0)	(55.0, 241.0)	(56.0, 376.0)	(57.0, 263.5)	(58.0, 63.5)	(59.0, 54.0)	(60.0, 24.5)	(61.0, 5.0)	(62.0, 0.0)	(63.0, 0.5)	(64.0, 0.5)	(65.0, 0.0)	(66.0, 0.0)	(67.0, 0.0)	(68.0, 0.0)	(69.0, 0.0)	(70.0, 0.0)	(71.0, 0.0)	(72.0, 0.0)	(73.0, 0.0)	(74.0, 0.0)	(75.0, 0.0)	(76.0, 0.0)	(77.0, 0.0)	(78.0, 0.0)	(79.0, 0.0)	(80.0, 0.0)	(81.0, 0.0)	(82.0, 0.0)	(83.0, 0.0)	(84.0, 0.0)	(85.0, 0.0)	(86.0, 0.0)	(87.0, 0.0)	(88.0, 0.0)	(89.0, 0.0)	(90.0, 0.0)	(91.0, 0.0)	(92.0, 0.0)	(93.0, 0.0)	(94.0, 0.0)	(95.0, 0.0)	(96.0, 0.0)	(97.0, 0.0)	(98.0, 0.0)	(99.0, 0.0)	(100.0, 0.0)
L5S240	(0.0, 0.0)	(1.0, 0.0)	(2.0, 0.0)	(3.0, 0.0)	(4.0, 0.0)	(5.0, 0.0)	(6.0, 0.0)	(7.0, 0.0)	(8.0, 0.0)	(9.0, 0.0)	(10.0, 0.0)	(11.0, 0.0)	(12.0, 0.0)	(13.0, 0.0)	(14.0, 0.0)	(15.0, 0.0)	(16.0, 0.0)	(17.0, 0.0)	(18.0, 0.0)	(19.0, 0.0)	(20.0, 0.0)	(21.0, 0.0)	(22.0, 0.0)	(23.0, 0.0)	(24.0, 0.0)	(25.0, 0.0)	(26.0, 0.0)	(27.0, 0.0)	(28.0, 0.0)	(29.0, 0.0)	(30.0, 0.0)	(31.0, 0.0)	(32.0, 0.5)	(33.0, 0.5)	(34.0, 0.0)	(35.0, 0.0)	(36.0, 0.0)	(37.0, 0.0)	(38.0, 0.0)	(39.0, 0.0)	(40.0, 0.0)	(41.0, 0.0)	(42.0, 2.0)	(43.0, 3.5)	(44.0, 5.5)	(45.0, 84.5)	(46.0, 124.0)	(47.0, 63.0)	(48.0, 142.0)	(49.0, 145.5)	(50.0, 63.0)	(51.0, 105.5)	(52.0, 103.5)	(53.0, 109.0)	(54.0, 364.0)	(55.0, 409.0)	(56.0, 417.0)	(57.0, 345.0)	(58.0, 85.0)	(59.0, 62.5)	(60.0, 25.0)	(61.0, 4.0)	(62.0, 1.0)	(63.0, 0.5)	(64.0, 0.0)	(65.0, 0.0)	(66.0, 0.0)	(67.0, 0.0)	(68.0, 0.0)	(69.0, 0.0)	(70.0, 0.0)	(71.0, 0.0)	(72.0, 0.0)	(73.0, 0.0)	(74.0, 0.0)	(75.0, 0.0)	(76.0, 0.0)	(77.0, 0.0)	(78.0, 0.0)	(79.0, 0.0)	(80.0, 0.0)	(81.0, 0.0)	(82.0, 0.0)	(83.0, 0.0)	(84.0, 0.0)	(85.0, 0.0)	(86.0, 0.0)	(87.0, 0.0)	(88.0, 0.0)	(89.0, 0.0)	(90.0, 0.0)	(91.0, 0.0)	(92.0, 0.0)	(93.0, 0.0)	(94.0, 0.0)	(95.0, 0.0)	(96.0, 0.0)	(97.0, 0.0)	(98.0, 0.0)	(99.0, 0.0)	(100.0, 0.0)
L6S20	(0.0, 0.0)	(1.0, 0.0)	(2.0, 0.0)	(3.0, 0.0)	(4.0, 0.0)	(5.0, 0.0)	(6.0, 0.0)	(7.0, 0.0)	(8.0, 0.0)	(9.0, 0.0)	(10.0, 0.0)	(11.0, 0.0)	(12.0, 0.0)	(13.0, 0.0)	(14.0, 0.0)	(15.0, 0.0)	(16.0, 0.0)	(17.0, 0.0)	(18.0, 0.0)	(19.0, 0.0)	(20.0, 0.0)	(21.0, 0.0)	(22.0, 0.0)	(23.0, 0.0)	(24.0, 0.0)	(25.0, 0.0)	(26.0, 0.0)	(27.0, 0.0)	(28.0, 0.0)	(29.0, 0.0)	(30.0, 0.0)	(31.0, 0.5)	(32.0, 0.5)	(33.0, 0.0)	(34.0, 0.0)	(35.0, 0.0)	(36.0, 0.0)	(37.0, 0.0)	(38.0, 0.0)	(39.0, 0.0)	(40.0, 0.0)	(41.0, 0.5)	(42.0, 8.0)	(43.0, 11.0)	(44.0, 16.5)	(45.0, 321.0)	(46.0, 430.0)	(47.0, 157.0)	(48.0, 250.5)	(49.0, 322.5)	(50.0, 185.0)	(51.0, 219.0)	(52.0, 246.0)	(53.0, 394.5)	(54.0, 2231.0)	(55.0, 2467.5)	(56.0, 1125.5)	(57.0, 699.5)	(58.0, 228.0)	(59.0, 271.5)	(60.0, 162.5)	(61.0, 22.0)	(62.0, 3.0)	(63.0, 0.0)	(64.0, 0.0)	(65.0, 0.0)	(66.0, 1.0)	(67.0, 1.0)	(68.0, 0.0)	(69.0, 0.0)	(70.0, 0.0)	(71.0, 0.0)	(72.0, 0.0)	(73.0, 0.0)	(74.0, 0.0)	(75.0, 0.0)	(76.0, 0.0)	(77.0, 0.0)	(78.0, 0.0)	(79.0, 0.0)	(80.0, 0.0)	(81.0, 0.0)	(82.0, 0.0)	(83.0, 0.0)	(84.0, 0.0)	(85.0, 0.0)	(86.0, 0.0)	(87.0, 0.0)	(88.0, 0.0)	(89.0, 0.0)	(90.0, 0.0)	(91.0, 0.0)	(92.0, 0.0)	(93.0, 0.0)	(94.0, 0.0)	(95.0, 0.0)	(96.0, 0.0)	(97.0, 0.0)	(98.0, 0.0)	(99.0, 0.0)	(100.0, 0.0)
L6S68	(0.0, 0.0)	(1.0, 0.0)	(2.0, 0.0)	(3.0, 0.0)	(4.0, 0.0)	(5.0, 0.0)	(6.0, 0.0)	(7.0, 0.0)	(8.0, 0.0)	(9.0, 0.0)	(10.0, 0.0)	(11.0, 0.0)	(12.0, 0.0)	(13.0, 0.0)	(14.0, 0.0)	(15.0, 0.0)	(16.0, 0.0)	(17.0, 0.0)	(18.0, 0.0)	(19.0, 0.0)	(20.0, 0.0)	(21.0, 0.0)	(22.0, 0.0)	(23.0, 0.0)	(24.0, 0.0)	(25.0, 0.0)	(26.0, 0.0)	(27.0, 0.0)	(28.0, 0.0)	(29.0, 0.0)	(30.0, 0.0)	(31.0, 0.0)	(32.0, 0.0)	(33.0, 0.0)	(34.0, 0.0)	(35.0, 0.0)	(36.0, 0.0)	(37.0, 0.0)	(38.0, 0.0)	(39.0, 0.0)	(40.0, 0.0)	(41.0, 0.0)	(42.0, 2.0)	(43.0, 3.5)	(44.0, 24.0)	(45.0, 474.0)	(46.0, 581.5)	(47.0, 180.0)	(48.0, 410.0)	(49.0, 489.0)	(50.0, 269.0)	(51.0, 470.0)	(52.0, 403.0)	(53.0, 182.5)	(54.0, 1445.5)	(55.0, 1767.5)	(56.0, 1237.5)	(57.0, 948.0)	(58.0, 311.0)	(59.0, 250.0)	(60.0, 91.5)	(61.0, 12.0)	(62.0, 2.0)	(63.0, 0.5)	(64.0, 0.0)	(65.0, 0.0)	(66.0, 0.0)	(67.0, 0.0)	(68.0, 0.0)	(69.0, 0.0)	(70.0, 0.0)	(71.0, 0.0)	(72.0, 0.0)	(73.0, 0.0)	(74.0, 0.0)	(75.0, 0.0)	(76.0, 0.0)	(77.0, 0.0)	(78.0, 0.0)	(79.0, 0.0)	(80.0, 0.0)	(81.0, 0.0)	(82.0, 0.0)	(83.0, 0.0)	(84.0, 0.0)	(85.0, 0.0)	(86.0, 0.0)	(87.0, 0.0)	(88.0, 0.0)	(89.0, 0.0)	(90.0, 0.0)	(91.0, 0.0)	(92.0, 0.0)	(93.0, 0.0)	(94.0, 0.0)	(95.0, 0.0)	(96.0, 0.0)	(97.0, 0.0)	(98.0, 0.0)	(99.0, 0.0)	(100.0, 0.0)
L6S93	(0.0, 0.0)	(1.0, 0.0)	(2.0, 0.0)	(3.0, 0.0)	(4.0, 0.0)	(5.0, 0.0)	(6.0, 0.0)	(7.0, 0.0)	(8.0, 0.0)	(9.0, 0.0)	(10.0, 0.0)	(11.0, 0.0)	(12.0, 0.0)	(13.0, 0.0)	(14.0, 0.0)	(15.0, 0.0)	(16.0, 0.0)	(17.0, 0.0)	(18.0, 0.0)	(19.0, 0.0)	(20.0, 0.0)	(21.0, 0.0)	(22.0, 0.0)	(23.0, 0.0)	(24.0, 0.0)	(25.0, 0.0)	(26.0, 0.0)	(27.0, 0.0)	(28.0, 0.0)	(29.0, 0.0)	(30.0, 0.0)	(31.0, 0.0)	(32.0, 0.0)	(33.0, 0.0)	(34.0, 0.5)	(35.0, 0.5)	(36.0, 0.0)	(37.0, 0.0)	(38.0, 0.5)	(39.0, 0.5)	(40.0, 1.5)	(41.0, 3.0)	(42.0, 68.0)	(43.0, 75.5)	(44.0, 41.5)	(45.0, 348.5)	(46.0, 893.5)	(47.0, 786.5)	(48.0, 899.0)	(49.0, 1549.0)	(50.0, 1075.5)	(51.0, 546.5)	(52.0, 469.5)	(53.0, 241.0)	(54.0, 1118.0)	(55.0, 1493.5)	(56.0, 895.0)	(57.0, 475.5)	(58.0, 111.5)	(59.0, 105.5)	(60.0, 58.5)	(61.0, 7.0)	(62.0, 2.5)	(63.0, 2.5)	(64.0, 0.0)	(65.0, 0.0)	(66.0, 0.0)	(67.0, 0.0)	(68.0, 0.0)	(69.0, 0.0)	(70.0, 0.0)	(71.0, 0.0)	(72.0, 0.0)	(73.0, 0.0)	(74.0, 0.0)	(75.0, 0.0)	(76.0, 0.0)	(77.0, 0.0)	(78.0, 0.0)	(79.0, 0.0)	(80.0, 0.0)	(81.0, 0.0)	(82.0, 0.0)	(83.0, 0.0)	(84.0, 0.0)	(85.0, 0.0)	(86.0, 0.0)	(87.0, 0.0)	(88.0, 0.0)	(89.0, 0.0)	(90.0, 0.0)	(91.0, 0.0)	(92.0, 0.0)	(93.0, 0.0)	(94.0, 0.0)	(95.0, 0.0)	(96.0, 0.0)	(97.0, 0.0)	(98.0, 0.0)	(99.0, 0.0)	(100.0, 0.0)
