Sample	0	1	2	3	4	5	6	7	8	9	10	11	12	13	14	15	16	17	18	19	20	21	22	23	24	25	26	27	28	29	30	31	32	33	34	35	36	37
L1S105	(1, 0.4409171075837742)	(2, 0.0)	(3, 0.0)	(4, 0.0)	(5, 0.0)	(6, 0.0)	(7, 0.0)	(8, 0.035273368606701945)	(9, 0.0)	(10, 0.0)	(15, 0.001763668430335097)	(20, 0.0)	(25, 0.0)	(30, 0.0)	(35, 0.0)	(40, 0.0)	(45, 0.0)	(50, 0.0)	(55, 0.0)	(60, 0.0)	(65, 0.0)	(70, 0.0)	(75, 0.007054673721340388)	(80, 0.007054673721340388)	(85, 0.0687830687830688)	(90, 0.1128747795414462)	(95, 0.05114638447971782)	(100, 0.008818342151675486)	(105, 0.02292768959435626)	(110, 0.06525573192239859)	(115, 0.06525573192239859)	(120, 0.029982363315696647)	(125, 0.02292768959435626)	(130, 0.08641975308641976)	(135, 0.3915343915343915)	(140, 0.07054673721340389)	(145, 0.37213403880070545)	(150, 0.10875955320399766)
L1S140	(1, 0.5032867707477404)	(2, 0.0)	(3, 0.0)	(4, 0.0)	(5, 0.010271158586688579)	(6, 0.0)	(7, 0.0)	(8, 0.041084634346754315)	(9, 0.0)	(10, 0.0)	(15, 0.004108463434675431)	(20, 0.0)	(25, 0.0)	(30, 0.0)	(35, 0.0)	(40, 0.0)	(45, 0.0020542317173377154)	(50, 0.0)	(55, 0.0)	(60, 0.0)	(65, 0.0)	(70, 0.0)	(75, 0.004108463434675431)	(80, 0.0020542317173377154)	(85, 0.06573541495480689)	(90, 0.09038619556285948)	(95, 0.0513557929334429)	(100, 0.008216926869350862)	(105, 0.020542317173377157)	(110, 0.055464256368118324)	(115, 0.055464256368118324)	(120, 0.02259654889071487)	(125, 0.024650780608052588)	(130, 0.07600657354149548)	(135, 0.32251437962202134)	(140, 0.07600657354149548)	(145, 0.3184059161873459)	(150, 0.06505067104902766)
L1S208	(1, 0.33524481693868546)	(2, 0.0)	(3, 0.0)	(4, 0.0)	(5, 0.0)	(6, 0.0)	(7, 0.0)	(8, 0.08822232024702249)	(9, 0.0)	(10, 0.0)	(15, 0.00882223202470225)	(20, 0.0035288928098809)	(25, 0.0)	(30, 0.0)	(35, 0.0)	(40, 0.0)	(45, 0.0)	(50, 0.0035288928098809)	(55, 0.0)	(60, 0.0)	(65, 0.0035288928098809)	(70, 0.00882223202470225)	(75, 0.00882223202470225)	(80, 0.010586678429642699)	(85, 0.070577856197618)	(90, 0.0952801058667843)	(95, 0.0564622849580944)	(100, 0.005293339214821349)	(105, 0.02999558888398765)	(110, 0.07940008822232025)	(115, 0.06881340979267755)	(120, 0.035288928098809)	(125, 0.02293780326422585)	(130, 0.07940008822232025)	(135, 0.38994265549183943)	(140, 0.07234230260255846)	(145, 0.407587119541244)	(150, 0.11762976032936333)
L1S257	(1, 0.49902629016553063)	(2, 0.0)	(3, 0.0)	(4, 0.0)	(5, 0.0)	(6, 0.0)	(7, 0.0)	(8, 0.09737098344693282)	(9, 0.0)	(10, 0.0)	(15, 0.009737098344693282)	(20, 0.0)	(25, 0.0)	(30, 0.0)	(35, 0.0)	(40, 0.0)	(45, 0.0024342745861733205)	(50, 0.0)	(55, 0.0)	(60, 0.0)	(65, 0.0)	(70, 0.0)	(75, 0.0024342745861733205)	(80, 0.009737098344693282)	(85, 0.13631937682570594)	(90, 0.17283349561830574)	(95, 0.09493670886075949)	(100, 0.0)	(105, 0.03164556962025317)	(110, 0.13631937682570594)	(115, 0.12414800389483935)	(120, 0.05355404089581305)	(125, 0.0365141187925998)	(130, 0.16066212268743912)	(135, 0.49172346640701076)	(140, 0.12658227848101267)	(145, 0.36270691333982474)	(150, 0.15417072379097696)
L1S281	(1, 0.3369272237196766)	(2, 0.0)	(3, 0.0)	(4, 0.0)	(5, 0.011230907457322553)	(6, 0.0)	(7, 0.0)	(8, 0.05615453728661276)	(9, 0.0)	(10, 0.0)	(15, 0.004492362982929021)	(20, 0.0)	(25, 0.0)	(30, 0.0)	(35, 0.0)	(40, 0.0)	(45, 0.0)	(50, 0.0)	(55, 0.0)	(60, 0.0)	(65, 0.0)	(70, 0.0)	(75, 0.004492362982929021)	(80, 0.017969451931716084)	(85, 0.07637017070979335)	(90, 0.09209344115004493)	(95, 0.05390835579514825)	(100, 0.011230907457322553)	(105, 0.024707996406109614)	(110, 0.0876010781671159)	(115, 0.06064690026954178)	(120, 0.038185085354896675)	(125, 0.024707996406109614)	(130, 0.0876010781671159)	(135, 0.3885893980233603)	(140, 0.0853548966756514)	(145, 0.3593890386343217)	(150, 0.11979634621144056)
L1S57	(1, 0.33191489361702126)	(2, 0.0)	(3, 0.0)	(4, 0.0)	(5, 0.0)	(6, 0.0)	(7, 0.0)	(8, 0.10212765957446808)	(9, 0.0)	(10, 0.0)	(15, 0.010212765957446808)	(20, 0.0017021276595744683)	(25, 0.0)	(30, 0.0)	(35, 0.0)	(40, 0.0)	(45, 0.0)	(50, 0.0)	(55, 0.0)	(60, 0.0)	(65, 0.0)	(70, 0.0)	(75, 0.0017021276595744683)	(80, 0.010212765957446808)	(85, 0.12425531914893617)	(90, 0.16170212765957448)	(95, 0.09361702127659574)	(100, 0.0)	(105, 0.04085106382978723)	(110, 0.13617021276595745)	(115, 0.11574468085106383)	(120, 0.06978723404255319)	(125, 0.04425531914893617)	(130, 0.15489361702127658)	(135, 0.38638297872340427)	(140, 0.11914893617021277)	(145, 0.41191489361702127)	(150, 0.16453900709219857)
L1S76	(1, 0.31683168316831684)	(2, 0.0)	(3, 0.0)	(4, 0.0)	(5, 0.0)	(6, 0.0)	(7, 0.0)	(8, 0.0594059405940594)	(9, 0.0)	(10, 0.0)	(15, 0.009900990099009901)	(20, 0.0039603960396039604)	(25, 0.007920792079207921)	(30, 0.009900990099009901)	(35, 0.009900990099009901)	(40, 0.007920792079207921)	(45, 0.009900990099009901)	(50, 0.009900990099009901)	(55, 0.009900990099009901)	(60, 0.009900990099009901)	(65, 0.009900990099009901)	(70, 0.009900990099009901)	(75, 0.009900990099009901)	(80, 0.021782178217821784)	(85, 0.09504950495049505)	(90, 0.10297029702970298)	(95, 0.0594059405940594)	(100, 0.009900990099009901)	(105, 0.03762376237623762)	(110, 0.08514851485148515)	(115, 0.08118811881188119)	(120, 0.05742574257425742)	(125, 0.0297029702970297)	(130, 0.08910891089108912)	(135, 0.43960396039603955)	(140, 0.07722772277227723)	(145, 0.37623762376237624)	(150, 0.11551155115511551)
L1S8	(1, 0.3713870498950428)	(2, 0.0)	(3, 0.0)	(4, 0.0)	(5, 0.0)	(6, 0.0)	(7, 0.0)	(8, 0.12110447279186179)	(9, 0.0)	(10, 0.0)	(15, 0.011303084127240433)	(20, 0.0)	(25, 0.0)	(30, 0.0)	(35, 0.0)	(40, 0.0)	(45, 0.0)	(50, 0.0)	(55, 0.0)	(60, 0.0)	(65, 0.0)	(70, 0.0)	(75, 0.009688357823348943)	(80, 0.003229452607782981)	(85, 0.082351041498466)	(90, 0.12271919909575327)	(95, 0.05974487324398515)	(100, 0.0016147263038914905)	(105, 0.022606168254480866)	(110, 0.09365412562570645)	(115, 0.08719522041014048)	(120, 0.05490069433231067)	(125, 0.025835620862263847)	(130, 0.09365412562570645)	(135, 0.4004521233650896)	(140, 0.09688357823348942)	(145, 0.34716615533667045)	(150, 0.1264868938048334)
L2S155	(1, 0.45351473922902497)	(2, 0.0)	(3, 0.0)	(4, 0.0)	(5, 0.0)	(6, 0.0)	(7, 0.0)	(8, 0.08638375985314761)	(9, 0.0)	(10, 0.0)	(15, 0.00431918799265738)	(20, 0.00215959399632869)	(25, 0.00431918799265738)	(30, 0.0)	(35, 0.0)	(40, 0.0)	(45, 0.0)	(50, 0.0)	(55, 0.0)	(60, 0.0)	(65, 0.0)	(70, 0.0)	(75, 0.0)	(80, 0.00431918799265738)	(85, 0.03671309793758774)	(90, 0.05398984990821725)	(95, 0.02591512795594428)	(100, 0.0)	(105, 0.0)	(110, 0.023755533959615594)	(115, 0.028074721952272973)	(120, 0.10582010582010583)	(125, 0.00647878198898607)	(130, 0.043191879926573806)	(135, 0.04751106791923119)	(140, 0.032393909944930355)	(145, 0.010797969981643452)	(150, 0.010797969981643452)
L2S175	(1, 0.3367318305116453)	(2, 0.0)	(3, 0.0)	(4, 0.0)	(5, 0.0)	(6, 0.0)	(7, 0.0)	(8, 0.10289028154522495)	(9, 0.0)	(10, 0.0)	(15, 0.009353661958656815)	(20, 0.0)	(25, 0.0)	(30, 0.0)	(35, 0.0)	(40, 0.0)	(45, 0.0)	(50, 0.0)	(55, 0.0)	(60, 0.0)	(65, 0.0)	(70, 0.0)	(75, 0.0)	(80, 0.0018707323917313628)	(85, 0.04676830979328407)	(90, 0.08418295762791132)	(95, 0.03928538022635862)	(100, 0.0018707323917313628)	(105, 0.009353661958656815)	(110, 0.03928538022635862)	(115, 0.048639042185015434)	(120, 0.12159760546253859)	(125, 0.01870732391731363)	(130, 0.06734636610232905)	(135, 0.07670002806098589)	(140, 0.05799270414367225)	(145, 0.029931718267701805)	(150, 0.05300408443238862)
L2S204	(1, 0.8085514595039056)	(2, 0.0)	(3, 0.0)	(4, 0.0)	(5, 0.013704262025489926)	(6, 0.0)	(7, 0.0)	(8, 0.10963409620391941)	(9, 0.0)	(10, 0.0)	(15, 0.008222557215293956)	(20, 0.0027408524050979858)	(25, 0.0)	(30, 0.0)	(35, 0.0)	(40, 0.0)	(45, 0.0)	(50, 0.0)	(55, 0.0)	(60, 0.0)	(65, 0.0)	(70, 0.0)	(75, 0.0)	(80, 0.0027408524050979858)	(85, 0.06303960531725367)	(90, 0.09044812936823353)	(95, 0.049335343291763735)	(100, 0.0)	(105, 0.013704262025489926)	(110, 0.06029875291215568)	(115, 0.0575579005070577)	(120, 0.10689324379882144)	(125, 0.016445114430587913)	(130, 0.07674386734274359)	(135, 0.08770727696313554)	(140, 0.06303960531725367)	(145, 0.016445114430587913)	(150, 0.054817048101959705)
L2S222	(1, 0.667779632721202)	(2, 0.0)	(3, 0.0)	(4, 0.0)	(5, 0.0)	(6, 0.0)	(7, 0.0)	(8, 0.08347245409015025)	(9, 0.0)	(10, 0.0)	(15, 0.011924636298592892)	(20, 0.0)	(25, 0.0)	(30, 0.0)	(35, 0.0)	(40, 0.0)	(45, 0.0)	(50, 0.0)	(55, 0.0)	(60, 0.0)	(65, 0.0)	(70, 0.0)	(75, 0.0)	(80, 0.0023849272597185785)	(85, 0.04292869067493441)	(90, 0.07393274505127594)	(95, 0.038158836155497255)	(100, 0.0)	(105, 0.009539709038874314)	(110, 0.038158836155497255)	(115, 0.050083472454090144)	(120, 0.1240162175053661)	(125, 0.009539709038874314)	(130, 0.08585738134986882)	(135, 0.08585738134986882)	(140, 0.05485332697352731)	(145, 0.007154781779155735)	(150, 0.03974878766197631)
L2S240	(1, 0.36709494410145166)	(2, 0.0)	(3, 0.0)	(4, 0.0)	(5, 0.0)	(6, 0.0)	(7, 0.0)	(8, 0.07508760220256966)	(9, 0.0)	(10, 0.0)	(15, 0.006674453529117304)	(20, 0.0)	(25, 0.0)	(30, 0.0)	(35, 0.0)	(40, 0.0)	(45, 0.0)	(50, 0.0)	(55, 0.0)	(60, 0.0)	(65, 0.003337226764558652)	(70, 0.010011680293675955)	(75, 0.001668613382279326)	(80, 0.006674453529117304)	(85, 0.056732854997497084)	(90, 0.08176205573168696)	(95, 0.048389788086100456)	(100, 0.0)	(105, 0.026697814116469216)	(110, 0.05172701485065911)	(115, 0.06173869514433506)	(120, 0.1368262973469047)	(125, 0.030035040881027868)	(130, 0.09177373602536291)	(135, 0.09177373602536291)	(140, 0.07341898882029034)	(145, 0.026697814116469216)	(150, 0.0695255575949719)
L2S309	(1, 0.8604954367666232)	(2, 0.0)	(3, 0.0)	(4, 0.0)	(5, 0.0)	(6, 0.0)	(7, 0.0)	(8, 0.1303780964797914)	(9, 0.0)	(10, 0.0)	(15, 0.005215123859191656)	(20, 0.005215123859191656)	(25, 0.0)	(30, 0.0)	(35, 0.0)	(40, 0.0)	(45, 0.0)	(50, 0.0)	(55, 0.0)	(60, 0.0)	(65, 0.0)	(70, 0.0)	(75, 0.0)	(80, 0.0)	(85, 0.02607561929595828)	(90, 0.03129074315514994)	(95, 0.01564537157757497)	(100, 0.0)	(105, 0.005215123859191656)	(110, 0.02607561929595828)	(115, 0.03650586701434159)	(120, 0.13559322033898305)	(125, 0.020860495436766623)	(130, 0.041720990873533245)	(135, 0.03650586701434159)	(140, 0.041720990873533245)	(145, 0.02607561929595828)	(150, 0.03476749239461104)
L2S357	(1, 0.5277466815928354)	(2, 0.0)	(3, 0.0)	(4, 0.0)	(5, 0.0)	(6, 0.0)	(7, 0.0)	(8, 0.2079002079002079)	(9, 0.0)	(10, 0.0)	(15, 0.015992323684631375)	(20, 0.0031984647369262755)	(25, 0.0)	(30, 0.0)	(35, 0.0)	(40, 0.0)	(45, 0.0)	(50, 0.0)	(55, 0.0)	(60, 0.0)	(65, 0.0)	(70, 0.0)	(75, 0.0)	(80, 0.009595394210778827)	(85, 0.09595394210778826)	(90, 0.127938589477051)	(95, 0.07356468894930433)	(100, 0.0031984647369262755)	(105, 0.019190788421557654)	(110, 0.08635854789700943)	(115, 0.11194626579241963)	(120, 0.16312170158324005)	(125, 0.025587717895410204)	(130, 0.11194626579241963)	(135, 0.12154166000319847)	(140, 0.09275547737086198)	(145, 0.04477850631696786)	(150, 0.0693000693000693)
L2S382	(1, 0.4838709677419355)	(2, 0.0)	(3, 0.0)	(4, 0.0)	(5, 0.0)	(6, 0.0)	(7, 0.0)	(8, 0.08602150537634409)	(9, 0.0)	(10, 0.0)	(15, 0.008602150537634409)	(20, 0.002150537634408602)	(25, 0.0)	(30, 0.0)	(35, 0.0)	(40, 0.0)	(45, 0.0)	(50, 0.0)	(55, 0.0)	(60, 0.0)	(65, 0.004301075268817204)	(70, 0.010752688172043012)	(75, 0.004301075268817204)	(80, 0.015053763440860216)	(85, 0.07311827956989247)	(90, 0.09892473118279571)	(95, 0.06666666666666667)	(100, 0.021505376344086023)	(105, 0.04086021505376344)	(110, 0.07526881720430108)	(115, 0.08817204301075268)	(120, 0.15268817204301077)	(125, 0.04516129032258064)	(130, 0.08817204301075268)	(135, 0.09462365591397849)	(140, 0.07741935483870968)	(145, 0.049462365591397855)	(150, 0.07168458781362007)
L3S242	(1, 2.0437956204379564)	(2, 0.0)	(3, 0.0)	(4, 0.0)	(5, 0.04866180048661801)	(6, 0.0)	(7, 0.0)	(8, 0.43795620437956206)	(9, 0.0)	(10, 0.0)	(15, 0.009732360097323601)	(20, 0.009732360097323601)	(25, 0.0)	(30, 0.0)	(35, 0.0)	(40, 0.0)	(45, 0.0)	(50, 0.0)	(55, 0.0)	(60, 0.0)	(65, 0.0)	(70, 0.0)	(75, 0.009732360097323601)	(80, 0.0)	(85, 0.0)	(90, 0.0)	(95, 0.0)	(100, 0.0)	(105, 0.0)	(110, 0.0)	(115, 0.0)	(120, 0.0)	(125, 0.0)	(130, 0.0)	(135, 0.0)	(140, 0.0)	(145, 0.009732360097323601)	(150, 0.0)
L3S294	(1, 2.330599913681485)	(2, 0.0)	(3, 0.0)	(4, 0.0)	(5, 0.0)	(6, 0.0)	(7, 0.0)	(8, 0.5179110919292188)	(9, 0.0)	(10, 0.0)	(15, 0.05179110919292188)	(20, 0.0)	(25, 0.0)	(30, 0.0)	(35, 0.0)	(40, 0.0)	(45, 0.0)	(50, 0.0)	(55, 0.0)	(60, 0.0)	(65, 0.0)	(70, 0.0)	(75, 0.0)	(80, 0.0)	(85, 0.0)	(90, 0.0)	(95, 0.0)	(100, 0.0)	(105, 0.0)	(110, 0.0)	(115, 0.0)	(120, 0.0)	(125, 0.0)	(130, 0.0)	(135, 0.0)	(140, 0.0)	(145, 0.0)	(150, 0.0)
L3S313	(1, 1.8054162487462388)	(2, 0.0)	(3, 0.0)	(4, 0.0)	(5, 0.0)	(6, 0.0)	(7, 0.0)	(8, 0.3009027081243731)	(9, 0.0)	(10, 0.0)	(15, 0.020060180541624874)	(20, 0.0)	(25, 0.010030090270812437)	(30, 0.0)	(35, 0.0)	(40, 0.0)	(45, 0.0)	(50, 0.0)	(55, 0.0)	(60, 0.0)	(65, 0.0)	(70, 0.0)	(75, 0.010030090270812437)	(80, 0.010030090270812437)	(85, 0.0802407221664995)	(90, 0.10030090270812438)	(95, 0.09027081243731193)	(100, 0.06018054162487463)	(105, 0.10030090270812438)	(110, 0.10030090270812438)	(115, 0.10030090270812438)	(120, 0.10030090270812438)	(125, 0.10030090270812438)	(130, 0.10030090270812438)	(135, 0.10030090270812438)	(140, 0.10030090270812438)	(145, 0.10030090270812438)	(150, 0.10030090270812438)
L3S341	(1, 2.536427415002698)	(2, 0.0)	(3, 0.0)	(4, 0.0)	(5, 0.0)	(6, 0.0)	(7, 0.0)	(8, 0.4317323259579061)	(9, 0.0)	(10, 0.0)	(15, 0.03237992444684296)	(20, 0.0)	(25, 0.0)	(30, 0.0)	(35, 0.0)	(40, 0.0)	(45, 0.010793308148947653)	(50, 0.0)	(55, 0.0)	(60, 0.0)	(65, 0.0)	(70, 0.0)	(75, 0.0)	(80, 0.0)	(85, 0.0)	(90, 0.0)	(95, 0.0)	(100, 0.0)	(105, 0.0)	(110, 0.010793308148947653)	(115, 0.0)	(120, 0.0)	(125, 0.0)	(130, 0.0)	(135, 0.010793308148947653)	(140, 0.0)	(145, 0.0)	(150, 0.0)
L3S360	(1, 1.9673704414587334)	(2, 0.0)	(3, 0.0)	(4, 0.0)	(5, 0.04798464491362764)	(6, 0.0)	(7, 0.0)	(8, 0.3838771593090211)	(9, 0.0)	(10, 0.0)	(15, 0.038387715930902115)	(20, 0.009596928982725529)	(25, 0.0)	(30, 0.0)	(35, 0.0)	(40, 0.0)	(45, 0.0)	(50, 0.0)	(55, 0.0)	(60, 0.0)	(65, 0.0)	(70, 0.0)	(75, 0.0)	(80, 0.0)	(85, 0.019193857965451058)	(90, 0.09596928982725528)	(95, 0.038387715930902115)	(100, 0.0)	(105, 0.0)	(110, 0.0)	(115, 0.038387715930902115)	(120, 0.009596928982725529)	(125, 0.0)	(130, 0.05758157389635317)	(135, 0.04798464491362764)	(140, 0.038387715930902115)	(145, 0.0)	(150, 0.0)
L3S378	(1, 2.1435228331780056)	(2, 0.0)	(3, 0.0)	(4, 0.0)	(5, 0.0)	(6, 0.0)	(7, 0.0)	(8, 0.4659832246039142)	(9, 0.0)	(10, 0.0)	(15, 0.037278657968313145)	(20, 0.0)	(25, 0.0)	(30, 0.0)	(35, 0.0)	(40, 0.0)	(45, 0.0)	(50, 0.0)	(55, 0.0)	(60, 0.0)	(65, 0.0)	(70, 0.0)	(75, 0.0)	(80, 0.0)	(85, 0.0)	(90, 0.0)	(95, 0.0)	(100, 0.0)	(105, 0.0)	(110, 0.0)	(115, 0.0)	(120, 0.0)	(125, 0.0)	(130, 0.0)	(135, 0.0)	(140, 0.009319664492078286)	(145, 0.0)	(150, 0.0)
L4S112	(1, 0.20903781125115278)	(2, 0.0)	(3, 0.0)	(4, 0.0)	(5, 0.0)	(6, 0.0)	(7, 0.0)	(8, 0.0)	(9, 0.0)	(10, 0.0)	(15, 0.0)	(20, 0.0)	(25, 0.0)	(30, 0.0)	(35, 0.0)	(40, 0.0)	(45, 0.0)	(50, 0.0)	(55, 0.0)	(60, 0.0)	(65, 0.0)	(70, 0.0)	(75, 0.0)	(80, 0.0)	(85, 0.03811865969873963)	(90, 0.07869658776513988)	(95, 0.03442975714724869)	(100, 0.0)	(105, 0.015985244389794036)	(110, 0.033200122963418385)	(115, 0.044266830617891176)	(120, 0.022133415308945588)	(125, 0.014755610205963726)	(130, 0.060252075007685216)	(135, 0.06394097755917615)	(140, 0.04180756225023056)	(145, 0.023363049492775897)	(150, 0.040987806127677016)
L4S137	(1, 0.18629903656783947)	(2, 0.0)	(3, 0.0)	(4, 0.0)	(5, 0.0)	(6, 0.0)	(7, 0.0)	(8, 0.0053228296162239844)	(9, 0.0)	(10, 0.0)	(15, 0.0)	(20, 0.0010645659232447968)	(25, 0.0)	(30, 0.0)	(35, 0.0)	(40, 0.0)	(45, 0.0)	(50, 0.0)	(55, 0.0)	(60, 0.0)	(65, 0.0)	(70, 0.0)	(75, 0.0)	(80, 0.004258263692979187)	(85, 0.07558418055038059)	(90, 0.13094160855911002)	(95, 0.06813221908766699)	(100, 0.0053228296162239844)	(105, 0.026614148081119924)	(110, 0.0670676531644222)	(115, 0.08729440570607334)	(120, 0.039388939160057486)	(125, 0.03300154362058871)	(130, 0.11497311971043808)	(135, 0.12881247671262042)	(140, 0.08516527385958375)	(145, 0.036195241390323096)	(150, 0.05855112577846383)
L4S63	(1, 0.21552979553795074)	(2, 0.0)	(3, 0.0)	(4, 0.0)	(5, 0.0)	(6, 0.0)	(7, 0.0)	(8, 0.03495077765480282)	(9, 0.0)	(10, 0.0)	(15, 0.0046601036873070425)	(20, 0.0)	(25, 0.0)	(30, 0.0)	(35, 0.0)	(40, 0.0)	(45, 0.0)	(50, 0.0)	(55, 0.0)	(60, 0.0)	(65, 0.0)	(70, 0.0)	(75, 0.0)	(80, 0.0)	(85, 0.07339663307508591)	(90, 0.12349274771363662)	(95, 0.05359119240403099)	(100, 0.003495077765480282)	(105, 0.022135492514708453)	(110, 0.057086270169511275)	(115, 0.0652414516222986)	(120, 0.026795596202015496)	(125, 0.020970466592881692)	(130, 0.09553212558979438)	(135, 0.10834741072988872)	(140, 0.06757150346595212)	(145, 0.025630570280188735)	(150, 0.05242616648220423)
L5S104	(1, 1.2716763005780347)	(2, 0.0)	(3, 0.0)	(4, 0.0)	(5, 0.0)	(6, 0.0)	(7, 0.0)	(8, 0.17341040462427745)	(9, 0.0)	(10, 0.0)	(15, 0.005780346820809248)	(20, 0.0)	(25, 0.0)	(30, 0.0)	(35, 0.0)	(40, 0.0)	(45, 0.0)	(50, 0.0)	(55, 0.0)	(60, 0.0)	(65, 0.0)	(70, 0.0)	(75, 0.0)	(80, 0.005780346820809248)	(85, 0.06936416184971098)	(90, 0.11560693641618498)	(95, 0.05780346820809249)	(100, 0.011560693641618497)	(105, 0.03468208092485549)	(110, 0.10982658959537574)	(115, 0.09826589595375722)	(120, 0.06358381502890173)	(125, 0.05202312138728323)	(130, 0.11560693641618498)	(135, 0.12138728323699423)	(140, 0.09248554913294797)	(145, 0.05780346820809249)	(150, 0.07707129094412332)
L5S155	(1, 1.1240465676435167)	(2, 0.0)	(3, 0.0)	(4, 0.0)	(5, 0.04014452027298274)	(6, 0.0)	(7, 0.0)	(8, 0.2810116419108792)	(9, 0.0)	(10, 0.0)	(15, 0.03211561621838619)	(20, 0.0)	(25, 0.008028904054596548)	(30, 0.0)	(35, 0.02408671216378964)	(40, 0.008028904054596548)	(45, 0.03211561621838619)	(50, 0.04014452027298274)	(55, 0.04014452027298274)	(60, 0.04014452027298274)	(65, 0.04014452027298274)	(70, 0.04014452027298274)	(75, 0.04014452027298274)	(80, 0.04014452027298274)	(85, 0.08028904054596547)	(90, 0.07226013649136892)	(95, 0.056202328382175835)	(100, 0.0)	(105, 0.03211561621838619)	(110, 0.04817342432757928)	(115, 0.056202328382175835)	(120, 0.04014452027298274)	(125, 0.04014452027298274)	(130, 0.07226013649136892)	(135, 0.08028904054596547)	(140, 0.04817342432757928)	(145, 0.04014452027298274)	(150, 0.04014452027298274)
L5S174	(1, 1.4684813753581663)	(2, 0.0)	(3, 0.0)	(4, 0.0)	(5, 0.0)	(6, 0.0)	(7, 0.0)	(8, 0.07163323782234957)	(9, 0.0)	(10, 0.0)	(15, 0.007163323782234957)	(20, 0.007163323782234957)	(25, 0.007163323782234957)	(30, 0.0)	(35, 0.0)	(40, 0.0)	(45, 0.0)	(50, 0.0)	(55, 0.0)	(60, 0.0)	(65, 0.0)	(70, 0.0)	(75, 0.0)	(80, 0.0)	(85, 0.0)	(90, 0.0)	(95, 0.0)	(100, 0.0)	(105, 0.0)	(110, 0.0)	(115, 0.0)	(120, 0.0)	(125, 0.0)	(130, 0.0)	(135, 0.0)	(140, 0.0)	(145, 0.0)	(150, 0.0)
L5S203	(1, 1.2183075403358576)	(2, 0.0)	(3, 0.0)	(4, 0.0)	(5, 0.03292723081988805)	(6, 0.0)	(7, 0.0)	(8, 0.23049061573921634)	(9, 0.0)	(10, 0.0)	(15, 0.01975633849193283)	(20, 0.00658544616397761)	(25, 0.0)	(30, 0.0)	(35, 0.0)	(40, 0.0)	(45, 0.0)	(50, 0.0)	(55, 0.0)	(60, 0.0)	(65, 0.0)	(70, 0.0)	(75, 0.0)	(80, 0.0)	(85, 0.02634178465591044)	(90, 0.01975633849193283)	(95, 0.01317089232795522)	(100, 0.0)	(105, 0.0)	(110, 0.00658544616397761)	(115, 0.00658544616397761)	(120, 0.0)	(125, 0.0)	(130, 0.02634178465591044)	(135, 0.01975633849193283)	(140, 0.00658544616397761)	(145, 0.0)	(150, 0.0)
L5S222	(1, 1.3864306784660767)	(2, 0.0)	(3, 0.0)	(4, 0.0)	(5, 0.0)	(6, 0.0)	(7, 0.0)	(8, 0.17699115044247787)	(9, 0.0)	(10, 0.0)	(15, 0.017699115044247787)	(20, 0.0471976401179941)	(25, 0.04129793510324484)	(30, 0.05309734513274337)	(35, 0.058997050147492625)	(40, 0.058997050147492625)	(45, 0.058997050147492625)	(50, 0.058997050147492625)	(55, 0.058997050147492625)	(60, 0.058997050147492625)	(65, 0.058997050147492625)	(70, 0.058997050147492625)	(75, 0.058997050147492625)	(80, 0.058997050147492625)	(85, 0.058997050147492625)	(90, 0.058997050147492625)	(95, 0.058997050147492625)	(100, 0.05309734513274337)	(105, 0.058997050147492625)	(110, 0.058997050147492625)	(115, 0.058997050147492625)	(120, 0.058997050147492625)	(125, 0.058997050147492625)	(130, 0.08259587020648967)	(135, 0.08849557522123894)	(140, 0.06489675516224189)	(145, 0.06489675516224189)	(150, 0.06882989183874139)
L5S240	(1, 1.5759849906191372)	(2, 0.0)	(3, 0.0)	(4, 0.0)	(5, 0.0)	(6, 0.0)	(7, 0.0)	(8, 0.37523452157598497)	(9, 0.0)	(10, 0.0)	(15, 0.0225140712945591)	(20, 0.0)	(25, 0.0)	(30, 0.0)	(35, 0.0)	(40, 0.0)	(45, 0.0)	(50, 0.0)	(55, 0.0)	(60, 0.0)	(65, 0.0300187617260788)	(70, 0.0375234521575985)	(75, 0.0375234521575985)	(80, 0.0225140712945591)	(85, 0.0375234521575985)	(90, 0.0375234521575985)	(95, 0.0300187617260788)	(100, 0.0)	(105, 0.0225140712945591)	(110, 0.0375234521575985)	(115, 0.0375234521575985)	(120, 0.0375234521575985)	(125, 0.0150093808630394)	(130, 0.052532833020637895)	(135, 0.0825515947467167)	(140, 0.052532833020637895)	(145, 0.0450281425891182)	(150, 0.075046904315197)
L6S20	(1, 0.3273657289002558)	(2, 0.0)	(3, 0.0)	(4, 0.0)	(5, 0.0)	(6, 0.0)	(7, 0.0)	(8, 0.010230179028132993)	(9, 0.0)	(10, 0.0)	(15, 0.0020460358056265987)	(20, 0.0)	(25, 0.0)	(30, 0.0)	(35, 0.0)	(40, 0.0)	(45, 0.0)	(50, 0.0020460358056265987)	(55, 0.0020460358056265987)	(60, 0.008184143222506395)	(65, 0.010230179028132993)	(70, 0.010230179028132993)	(75, 0.010230179028132993)	(80, 0.010230179028132993)	(85, 0.03887468030690537)	(90, 0.05728900255754475)	(95, 0.02455242966751918)	(100, 0.01227621483375959)	(105, 0.018414322250639388)	(110, 0.034782608695652174)	(115, 0.04092071611253197)	(120, 0.014322250639386188)	(125, 0.01636828644501279)	(130, 0.04501278772378517)	(135, 0.04092071611253197)	(140, 0.028644501278772376)	(145, 0.01636828644501279)	(150, 0.03410059676044331)
L6S68	(1, 0.40820598702114297)	(2, 0.0)	(3, 0.0)	(4, 0.0)	(5, 0.0)	(6, 0.0)	(7, 0.0)	(8, 0.0)	(9, 0.0)	(10, 0.0)	(15, 0.0)	(20, 0.0)	(25, 0.0)	(30, 0.0)	(35, 0.0)	(40, 0.0)	(45, 0.0)	(50, 0.0)	(55, 0.0)	(60, 0.0)	(65, 0.0)	(70, 0.0)	(75, 0.0)	(80, 0.0)	(85, 0.008373456144023446)	(90, 0.02512036843207034)	(95, 0.018840276324052753)	(100, 0.0)	(105, 0.0020933640360058614)	(110, 0.01674691228804689)	(115, 0.01674691228804689)	(120, 0.008373456144023446)	(125, 0.010466820180029307)	(130, 0.027213732468076197)	(135, 0.031400460540087924)	(140, 0.023027004396064477)	(145, 0.010466820180029307)	(150, 0.017444700300048844)
L6S93	(1, 0.27506654835847383)	(2, 0.0)	(3, 0.0)	(4, 0.0)	(5, 0.0)	(6, 0.0)	(7, 0.0)	(8, 0.008873114463176575)	(9, 0.0)	(10, 0.0)	(15, 0.0)	(20, 0.0)	(25, 0.0)	(30, 0.0)	(35, 0.0)	(40, 0.0)	(45, 0.0)	(50, 0.0)	(55, 0.0)	(60, 0.0)	(65, 0.0)	(70, 0.0)	(75, 0.0)	(80, 0.001774622892635315)	(85, 0.044365572315882874)	(90, 0.05678793256433008)	(95, 0.031943212067435674)	(100, 0.01419698314108252)	(105, 0.023070097604259095)	(110, 0.044365572315882874)	(115, 0.04791481810115351)	(120, 0.031943212067435674)	(125, 0.030168589174800357)	(130, 0.044365572315882874)	(135, 0.0585625554569654)	(140, 0.044365572315882874)	(145, 0.04081632653061225)	(150, 0.044365572315882874)
